1660243467.012044,61.8
1660243467.03203,61.1
1660243467.052139,65.0
1660243467.07215,67.9
1660243467.092098,76.7
1660243467.11204,64.3
1660243467.132144,62.9
1660243467.152083,64.3
1660243467.172035,65.3
1660243467.192068,66.9
1660243467.211997,87.5
1660243467.232014,92.4
1660243467.251986,80.3
1660243467.271929,81.3
1660243467.291914,91.4
1660243467.311825,97.9
1660243467.331867,97.4
1660243467.351868,98.3
1660243467.371871,99.5
1660243467.391866,100.3
1660243467.411733,97.6
1660243467.431842,99.7
1660243467.451827,97.0
1660243467.471723,102.6
1660243467.491723,96.5
1660243467.511769,101.3
1660243467.531747,95.9
1660243467.551774,102.1
1660243467.571678,101.9
1660243467.591638,98.0
1660243467.611629,98.5
1660243467.631636,101.2
1660243467.651635,99.4
1660243467.671637,99.9
1660243467.691616,99.2
1660243467.711616,101.5
1660243467.731632,106.5
1660243467.751625,99.5
1660243467.77162,95.4
1660243467.7915,100.1
1660243467.811498,98.3
1660243467.831506,100.3
1660243467.851504,101.7
1660243467.871565,99.2
1660243467.891518,103.2
1660243467.911545,101.3
1660243467.9315,101.3
1660243467.951517,101.3
1660243467.971516,98.4
1660243467.991508,102.4
1660243468.011497,103.7
1660243468.031417,99.6
1660243468.051418,62.9
1660243468.071433,59.0
1660243468.091416,70.4
1660243468.111383,68.8
1660243468.132376,64.6
1660243468.152287,64.9
1660243468.172269,63.8
1660243468.192285,64.1
1660243468.211337,69.8
1660243468.232279,63.5
1660243468.252293,61.9
1660243468.272272,62.0
1660243468.292299,62.3
1660243468.312295,64.2
1660243468.332192,63.9
1660243468.352196,63.2
1660243468.372168,61.7
1660243468.392185,63.2
1660243468.412186,63.1
1660243468.43217,61.7
1660243468.452103,63.0
1660243468.472103,62.4
1660243468.492088,63.2
1660243468.512074,61.2
1660243468.53208,63.8
1660243468.552087,69.6
1660243468.571984,86.5
1660243468.591988,68.8
1660243468.611966,54.3
1660243468.632001,61.7
1660243468.652048,65.0
1660243468.672002,64.1
1660243468.691986,63.8
1660243468.711878,62.7
1660243468.731874,62.7
1660243468.751888,61.6
1660243468.771872,63.8
1660243468.791887,61.8
1660243468.811876,63.9
1660243468.831899,63.1
1660243468.851887,60.9
1660243468.871886,63.8
1660243468.891923,67.4
1660243468.91187,75.3
1660243468.931808,58.7
1660243468.951808,62.5
1660243468.971773,66.4
1660243468.991788,62.2
1660243469.011774,61.3
1660243469.03183,63.4
1660243469.051861,62.9
1660243469.071796,62.6
1660243469.091681,63.4
1660243469.111765,63.2
1660243469.131675,61.8
1660243469.151706,64.1
1660243469.171695,63.6
1660243469.19169,61.2
1660243469.21173,64.2
1660243469.231738,63.5
1660243469.251698,62.6
1660243469.27173,61.7
1660243469.291701,64.1
1660243469.311737,63.6
1660243469.331736,67.4
1660243469.351818,63.7
1660243469.37177,64.3
1660243469.391618,62.6
1660243469.411652,64.0
1660243469.431652,63.7
1660243469.451617,62.6
1660243469.471551,60.9
1660243469.491623,63.4
1660243469.511566,62.7
1660243469.531684,61.7
1660243469.551682,64.0
1660243469.57151,63.3
1660243469.591497,63.0
1660243469.611447,64.3
1660243469.631464,64.2
1660243469.65147,64.4
1660243469.671522,62.4
1660243469.691442,62.4
1660243469.711439,63.1
1660243469.731444,63.0
1660243469.751496,65.3
1660243469.771389,63.6
1660243469.791393,62.2
1660243469.81147,61.3
1660243469.832353,63.3
1660243469.852278,63.1
1660243469.871361,63.5
1660243469.891399,63.0
1660243469.911348,62.6
1660243469.931238,62.8
1660243469.952276,62.7
1660243469.972244,63.1
1660243469.992227,62.0
1660243470.012132,63.0
1660243470.032145,62.6
1660243470.05214,62.6
1660243470.072221,63.9
1660243470.092154,62.1
1660243470.11207,64.2
1660243470.132056,62.6
1660243470.152081,62.9
1660243470.172119,63.3
1660243470.192036,61.0
1660243470.212101,63.8
1660243470.232158,62.1
1660243470.252038,63.0
1660243470.27207,61.7
1660243470.292158,63.4
1660243470.311952,63.8
1660243470.331955,64.0
1660243470.351996,61.1
1660243470.371957,63.8
1660243470.391962,61.1
1660243470.411981,63.8
1660243470.431957,61.7
1660243470.451946,64.6
1660243470.47198,61.2
1660243470.491954,63.5
1660243470.511935,62.5
1660243470.532005,63.6
1660243470.551925,62.6
1660243470.571936,62.6
1660243470.591933,62.6
1660243470.611904,65.3
1660243470.631781,65.5
1660243470.651869,63.7
1660243470.671866,62.9
1660243470.691759,63.0
1660243470.711733,63.7
1660243470.731769,62.4
1660243470.751742,62.7
1660243470.77174,63.7
1660243470.791743,63.6
1660243470.811765,61.5
1660243470.831821,63.6
1660243470.851808,64.4
1660243470.871776,63.7
1660243470.891804,62.1
1660243470.911789,61.6
1660243470.931602,63.7
1660243470.951582,64.1
1660243470.971599,66.2
1660243470.991661,64.3
1660243471.011594,62.0
1660243471.031587,61.8
1660243471.051496,64.9
1660243471.071496,69.4
1660243471.091534,63.3
1660243471.111519,63.7
1660243471.131508,63.7
1660243471.151559,62.7
1660243471.171474,61.6
1660243471.191454,63.9
1660243471.211404,63.4
1660243471.231411,63.5
1660243471.251396,63.4
1660243471.271406,64.3
1660243471.291502,65.1
1660243471.312301,63.7
1660243471.331312,68.8
1660243471.351343,65.8
1660243471.371297,65.1
1660243471.391315,63.0
1660243471.411353,62.7
1660243471.432407,62.9
1660243471.452337,62.1
1660243471.471228,64.2
1660243471.491299,62.5
1660243471.511226,62.2
1660243471.531211,63.2
1660243471.552309,69.0
1660243471.572234,83.4
1660243471.592269,68.8
1660243471.61225,55.8
1660243471.631297,60.5
1660243471.652159,67.8
1660243471.672142,65.4
1660243471.69212,60.8
1660243471.712188,62.5
1660243471.732157,64.3
1660243471.752115,63.2
1660243471.772117,61.9
1660243471.792126,62.2
1660243471.812106,63.5
1660243471.832151,63.7
1660243471.85206,61.8
1660243471.872054,63.5
1660243471.892042,62.5
1660243471.912067,63.9
1660243471.932008,62.4
1660243471.9519,63.1
1660243471.971986,64.6
1660243471.991894,64.5
1660243472.011914,63.1
1660243472.031918,63.3
1660243472.051897,62.8
1660243472.07191,61.6
1660243472.091911,63.5
1660243472.111877,62.6
1660243472.131876,61.7
1660243472.151872,62.8
1660243472.171848,62.5
1660243472.191817,63.1
1660243472.211808,62.2
1660243472.231798,63.7
1660243472.251871,61.8
1660243472.271885,61.4
1660243472.291735,63.9
1660243472.311679,62.4
1660243472.331906,63.0
1660243472.351853,62.9
1660243472.371749,62.1
1660243472.391652,63.1
1660243472.411659,61.8
1660243472.431676,61.6
1660243472.451574,63.5
1660243472.471646,64.4
1660243472.491543,62.4
1660243472.511573,61.8
1660243472.531558,63.0
1660243472.551527,62.4
1660243472.57161,63.2
1660243472.591484,62.3
1660243472.611447,62.6
1660243472.631478,61.4
1660243472.651454,63.4
1660243472.671486,63.1
1660243472.691517,66.4
1660243472.711443,62.3
1660243472.731495,62.8
1660243472.751453,62.0
1660243472.771483,63.3
1660243472.791398,62.3
1660243472.8114,63.1
1660243472.831407,62.1
1660243472.851438,61.7
1660243472.871394,63.2
1660243472.891431,63.9
1660243472.911421,62.1
1660243472.931278,62.2
1660243472.951242,63.0
1660243472.971264,63.0
1660243472.9913,63.8
1660243473.011256,63.3
1660243473.03224,61.4
1660243473.052249,63.7
1660243473.0723,67.5
1660243473.091158,64.8
1660243473.111155,63.2
1660243473.131217,63.1
1660243473.152192,63.4
1660243473.172256,62.5
1660243473.192258,64.1
1660243473.212171,63.6
1660243473.232076,62.8
1660243473.252083,63.4
1660243473.272162,61.6
1660243473.292094,62.9
1660243473.312157,62.2
1660243473.332052,63.4
1660243473.352054,62.3
1660243473.372021,63.9
1660243473.391959,61.5
1660243473.412034,64.0
1660243473.432067,62.3
1660243473.451876,62.2
1660243473.471953,62.6
1660243473.49189,61.8
1660243473.511873,64.3
1660243473.531949,60.6
1660243473.551834,64.0
1660243473.571894,61.9
1660243473.592003,63.0
1660243473.611793,63.3
1660243473.631902,62.6
1660243473.651876,62.1
1660243473.671866,62.2
1660243473.691842,63.2
1660243473.711839,64.9
1660243473.731803,63.5
1660243473.751838,63.3
1660243473.771782,62.5
1660243473.791856,62.5
1660243473.811797,63.7
1660243473.831788,61.5
1660243473.85168,63.8
1660243473.87183,62.4
1660243473.891741,63.2
1660243473.911746,62.8
1660243473.931702,63.6
1660243473.951701,61.8
1660243473.971795,63.5
1660243473.99161,63.8
1660243474.011591,62.9
1660243474.031599,62.9
1660243474.051592,63.2
1660243474.071683,63.8
1660243474.09167,64.0
1660243474.111694,63.8
1660243474.1316,63.8
1660243474.151616,63.2
1660243474.171597,63.1
1660243474.191673,61.7
1660243474.211552,63.8
1660243474.231534,60.9
1660243474.251508,63.9
1660243474.271513,61.3
1660243474.291606,64.7
1660243474.311531,61.7
1660243474.331389,63.2
1660243474.351397,62.1
1660243474.371497,61.9
1660243474.391434,64.1
1660243474.411401,62.0
1660243474.431444,63.6
1660243474.451413,62.6
1660243474.471474,62.5
1660243474.491323,62.4
1660243474.511401,63.1
1660243474.531411,63.4
1660243474.551402,65.0
1660243474.57132,83.0
1660243474.591305,73.1
1660243474.611338,56.2
1660243474.631414,60.1
1660243474.651307,64.7
1660243474.671353,63.5
1660243474.69129,60.7
1660243474.711278,64.1
1660243474.731393,63.7
1660243474.7514,63.3
1660243474.771308,62.7
1660243474.791246,61.4
1660243474.811225,63.3
1660243474.832303,63.7
1660243474.851293,62.8
1660243474.871205,61.9
1660243474.891294,63.3
1660243474.91127,62.3
1660243474.93125,63.7
1660243474.952222,61.6
1660243474.972141,63.6
1660243474.992116,63.4
1660243475.012144,61.5
1660243475.031142,63.8
1660243475.052172,62.7
1660243475.072133,62.9
1660243475.092043,61.3
1660243475.112123,63.4
1660243475.132061,63.4
1660243475.152099,62.7
1660243475.172067,62.0
1660243475.19214,62.1
1660243475.212136,63.0
1660243475.232062,63.7
1660243475.252019,64.0
1660243475.271944,64.3
1660243475.291928,65.1
1660243475.312012,66.4
1660243475.331962,63.6
1660243475.351997,64.6
1660243475.371952,66.4
1660243475.392035,61.8
1660243475.411943,62.5
1660243475.431998,61.6
1660243475.451974,63.2
1660243475.471941,62.5
1660243475.491932,62.0
1660243475.511978,62.8
1660243475.531929,61.6
1660243475.551992,63.8
1660243475.571993,63.0
1660243475.591807,61.2
1660243475.611957,63.1
1660243475.631917,61.6
1660243475.651764,63.3
1660243475.671858,62.9
1660243475.691757,63.1
1660243475.711858,62.3
1660243475.731799,63.3
1660243475.751875,63.5
1660243475.771664,63.1
1660243475.7917,63.9
1660243475.811713,67.0
1660243475.831673,63.9
1660243475.851748,65.6
1660243475.871665,62.5
1660243475.891661,62.2
1660243475.911653,63.3
1660243475.931664,62.4
1660243475.951676,63.6
1660243475.971568,62.7
1660243475.991543,62.3
1660243476.011564,63.2
1660243476.03157,62.5
1660243476.051546,62.1
1660243476.071557,63.2
1660243476.091552,63.1
1660243476.111639,62.5
1660243476.131582,62.7
1660243476.151559,62.3
1660243476.1715,62.9
1660243476.191456,61.9
1660243476.21144,62.8
1660243476.231525,63.0
1660243476.251511,62.3
1660243476.271447,63.1
1660243476.29145,61.4
1660243476.311356,63.3
1660243476.331425,60.9
1660243476.351454,63.2
1660243476.371342,63.3
1660243476.391342,62.8
1660243476.411384,62.8
1660243476.431372,62.3
1660243476.451367,61.9
1660243476.471406,63.0
1660243476.491374,61.8
1660243476.511394,62.4
1660243476.531351,62.9
1660243476.551313,62.0
1660243476.571271,63.3
1660243476.591313,61.9
1660243476.611258,63.0
1660243476.631282,61.8
1660243476.651272,63.1
1660243476.671265,62.7
1660243476.691265,62.1
1660243476.711184,63.2
1660243476.731249,62.7
1660243476.751153,62.1
1660243476.772172,63.6
1660243476.791169,61.5
1660243476.811165,63.1
1660243476.831153,63.1
1660243476.851157,61.9
1660243476.872175,63.4
1660243476.892098,63.0
1660243476.912114,62.2
1660243476.932065,61.7
1660243476.951085,63.6
1660243476.97107,63.9
1660243476.992006,64.7
1660243477.012065,63.0
1660243477.031983,62.7
1660243477.051986,63.0
1660243477.071989,63.5
1660243477.091999,63.2
1660243477.111995,63.3
1660243477.132017,63.3
1660243477.151999,63.2
1660243477.171986,63.0
1660243477.192012,63.5
1660243477.212002,62.7
1660243477.231897,61.7
1660243477.251968,63.1
1660243477.271938,62.1
1660243477.29196,63.3
1660243477.312017,61.9
1660243477.331799,62.3
1660243477.351821,63.3
1660243477.371795,61.9
1660243477.391798,63.3
1660243477.411857,62.7
1660243477.431803,62.3
1660243477.451854,62.3
1660243477.471809,62.0
1660243477.491821,62.6
1660243477.511745,62.5
1660243477.531771,61.5
1660243477.551718,65.5
1660243477.571709,79.6
1660243477.591692,73.6
1660243477.611752,57.3
1660243477.631704,60.3
1660243477.651712,64.4
1660243477.671627,63.4
1660243477.691616,63.7
1660243477.71163,66.0
1660243477.731653,63.0
1660243477.751611,62.5
1660243477.771623,62.0
1660243477.791639,63.2
1660243477.811525,62.9
1660243477.831529,63.1
1660243477.851538,62.8
1660243477.871595,62.8
1660243477.891536,63.4
1660243477.911607,63.0
1660243477.931631,63.5
1660243477.951524,62.8
1660243477.971512,63.6
1660243477.991428,64.8
1660243478.01162,63.1
1660243478.03147,62.6
1660243478.051424,62.5
1660243478.071408,63.7
1660243478.091414,63.1
1660243478.111534,69.7
1660243478.131432,81.0
1660243478.151436,62.6
1660243478.171526,57.1
1660243478.19137,63.9
1660243478.211329,63.7
1660243478.231341,64.8
1660243478.251402,61.8
1660243478.27142,63.2
1660243478.291222,62.3
1660243478.311294,63.5
1660243478.331376,62.9
1660243478.351233,62.7
1660243478.371209,62.9
1660243478.391209,62.7
1660243478.411263,63.2
1660243478.431263,64.1
1660243478.451119,63.0
1660243478.471178,62.6
1660243478.491162,62.6
1660243478.511124,61.6
1660243478.531158,63.5
1660243478.55112,62.6
1660243478.572272,63.0
1660243478.59205,61.9
1660243478.611123,63.9
1660243478.631154,64.0
1660243478.651048,63.0
1660243478.672128,64.3
1660243478.692049,64.6
1660243478.712023,62.0
1660243478.732022,67.5
1660243478.75196,64.4
1660243478.772047,62.1
1660243478.792056,62.5
1660243478.811897,63.5
1660243478.831965,63.2
1660243478.851897,62.7
1660243478.871984,63.5
1660243478.891985,64.0
1660243478.912021,62.8
1660243478.931943,62.5
1660243478.951894,62.6
1660243478.971824,64.6
1660243478.99187,69.8
1660243479.0118,64.5
1660243479.031776,63.8
1660243479.051865,64.6
1660243479.071764,63.0
1660243479.091757,63.2
1660243479.111774,62.9
1660243479.131696,62.9
1660243479.151678,63.3
1660243479.17176,63.2
1660243479.191675,63.5
1660243479.211662,61.5
1660243479.231685,63.5
1660243479.251676,63.8
1660243479.271678,63.5
1660243479.29166,64.1
1660243479.311669,65.4
1660243479.331702,67.9
1660243479.351663,67.3
1660243479.371671,62.8
1660243479.391687,63.4
1660243479.411657,63.4
1660243479.431574,64.2
1660243479.451584,62.5
1660243479.471697,62.5
1660243479.491666,62.8
1660243479.511572,63.3
1660243479.531565,62.8
1660243479.551586,63.1
1660243479.571578,64.6
1660243479.591474,63.6
1660243479.611473,62.4
1660243479.631466,63.9
1660243479.65146,63.7
1660243479.671495,62.9
1660243479.691482,62.5
1660243479.711487,63.6
1660243479.731504,63.7
1660243479.751494,64.5
1660243479.771493,64.8
1660243479.791473,62.1
1660243479.811402,62.6
1660243479.831394,63.7
1660243479.851396,63.1
1660243479.871394,62.9
1660243479.89139,63.5
1660243479.911287,63.5
1660243479.931281,64.3
1660243479.951274,62.9
1660243479.971269,62.6
1660243479.991203,63.4
1660243480.01129,62.3
1660243480.031179,63.6
1660243480.05118,62.8
1660243480.071186,62.0
1660243480.091189,63.3
1660243480.111088,62.5
1660243480.131078,62.6
1660243480.151054,63.2
1660243480.171076,62.5
1660243480.192104,62.8
1660243480.212107,62.8
1660243480.232082,62.8
1660243480.251063,62.1
1660243480.271075,62.5
1660243480.29209,63.2
1660243480.31207,62.1
1660243480.332012,63.3
1660243480.352043,63.5
1660243480.371904,63.8
1660243480.391928,63.4
1660243480.411944,62.5
1660243480.43192,61.7
1660243480.451932,63.1
1660243480.471851,62.5
1660243480.491918,61.8
1660243480.511917,63.0
1660243480.531853,63.7
1660243480.551828,64.7
1660243480.571826,80.2
1660243480.591807,74.1
1660243480.61184,56.8
1660243480.631831,59.3
1660243480.651854,65.0
1660243480.67182,64.0
1660243480.691855,63.0
1660243480.711827,63.0
1660243480.731843,63.5
1660243480.751784,62.6
1660243480.771711,62.2
1660243480.79173,63.5
1660243480.811737,63.0
1660243480.831739,64.7
1660243480.851728,67.8
1660243480.871638,62.3
1660243480.891632,62.8
1660243480.911632,62.9
1660243480.931633,63.6
1660243480.95162,63.3
1660243480.971622,63.6
1660243480.991625,64.3
1660243481.011621,68.4
1660243481.031623,62.3
1660243481.05152,64.0
1660243481.071516,65.0
1660243481.091544,63.9
1660243481.111512,63.5
1660243481.131551,63.4
1660243481.151534,68.6
1660243481.171548,65.0
1660243481.191453,62.6
1660243481.211414,63.5
1660243481.231465,63.6
1660243481.251434,65.2
1660243481.27142,63.2
1660243481.291416,64.2
1660243481.311466,67.9
1660243481.331423,65.6
1660243481.351419,65.3
1660243481.371426,68.2
1660243481.391426,62.7
1660243481.411421,63.3
1660243481.431419,63.7
1660243481.451441,63.6
1660243481.471323,66.1
1660243481.49133,62.4
1660243481.511329,63.9
1660243481.531341,67.8
1660243481.551324,64.9
1660243481.571341,68.6
1660243481.591241,61.6
1660243481.611242,63.4
1660243481.631254,63.8
1660243481.651237,63.6
1660243481.671136,67.8
1660243481.692163,63.3
1660243481.712132,67.2
1660243481.731139,67.3
1660243481.751116,66.1
1660243481.772057,66.2
1660243481.791122,68.8
1660243481.811151,67.9
1660243481.831124,67.6
1660243481.851131,62.6
1660243481.872087,64.6
1660243481.891963,64.8
1660243481.911958,63.4
1660243481.931015,64.5
1660243481.951015,63.8
1660243481.971004,66.1
1660243481.991997,70.4
1660243482.011964,67.1
1660243482.032048,61.6
1660243482.051989,63.2
1660243482.071979,64.2
1660243482.091889,64.9
1660243482.111967,63.5
1660243482.131865,64.4
1660243482.151869,68.7
1660243482.171886,67.6
1660243482.191884,66.1
1660243482.211763,64.0
1660243482.231776,63.9
1660243482.251781,63.3
1660243482.271835,63.7
1660243482.291781,64.5
1660243482.311767,63.0
1660243482.331775,65.9
1660243482.351659,67.5
1660243482.37176,66.6
1660243482.391666,69.3
1660243482.411672,64.8
1660243482.431667,63.6
1660243482.451686,67.0
1660243482.471686,64.2
1660243482.4917,66.4
1660243482.511676,62.6
1660243482.531622,63.3
1660243482.551584,67.0
1660243482.571584,66.0
1660243482.591568,65.5
1660243482.611602,63.2
1660243482.631558,63.6
1660243482.651571,63.6
1660243482.671631,63.6
1660243482.691562,65.4
1660243482.711462,63.3
1660243482.731469,68.8
1660243482.751487,68.8
1660243482.771484,65.7
1660243482.791484,65.6
1660243482.811372,63.1
1660243482.8314,64.4
1660243482.851383,64.2
1660243482.871378,63.6
1660243482.8914,64.5
1660243482.911386,64.4
1660243482.931331,66.4
1660243482.951277,64.9
1660243482.97127,68.6
1660243482.99128,66.6
1660243483.01127,71.2
1660243483.031262,74.2
1660243483.051271,63.2
1660243483.071168,65.8
1660243483.09117,65.9
1660243483.111166,63.1
1660243483.131352,64.0
1660243483.151187,63.8
1660243483.171164,64.3
1660243483.191163,66.3
1660243483.211176,66.5
1660243483.231165,69.5
1660243483.251159,67.9
1660243483.272291,62.8
1660243483.291195,64.7
1660243483.31104,66.8
1660243483.331016,72.6
1660243483.351067,90.9
1660243483.371086,67.3
1660243483.391024,62.3
1660243483.411004,67.8
1660243483.431014,63.3
1660243483.451025,63.2
1660243483.470939,63.8
1660243483.491947,65.0
1660243483.511947,63.5
1660243483.531904,63.6
1660243483.550906,67.1
1660243483.570919,84.7
1660243483.59192,90.3
1660243483.611967,64.1
1660243483.631921,56.8
1660243483.651931,64.8
1660243483.671873,64.6
1660243483.69083,64.6
1660243483.711823,66.2
1660243483.731832,65.7
1660243483.751821,66.5
1660243483.771813,68.9
1660243483.791816,66.9
1660243483.811755,66.9
1660243483.831776,68.4
1660243483.851724,66.8
1660243483.871727,70.2
1660243483.891618,76.9
1660243483.911764,67.0
1660243483.93169,63.6
1660243483.951655,70.7
1660243483.971695,65.9
1660243483.991653,69.7
1660243484.01164,65.3
1660243484.031652,78.1
1660243484.051522,96.4
1660243484.071584,68.8
1660243484.091544,52.1
1660243484.111523,64.4
1660243484.131525,74.2
1660243484.151583,84.1
1660243484.171448,65.2
1660243484.191446,56.5
1660243484.211442,64.1
1660243484.231494,70.7
1660243484.251444,81.8
1660243484.271389,66.5
1660243484.291356,56.9
1660243484.311384,62.9
1660243484.331391,71.0
1660243484.351227,82.0
1660243484.371261,65.5
1660243484.391217,57.0
1660243484.411216,62.5
1660243484.431209,64.0
1660243484.451232,67.9
1660243484.471255,82.4
1660243484.491217,66.3
1660243484.511223,56.2
1660243484.531148,64.3
1660243484.551217,67.5
1660243484.57125,62.5
1660243484.591213,62.2
1660243484.611244,62.3
1660243484.631264,63.6
1660243484.651236,62.7
1660243484.671096,62.5
1660243484.691237,63.0
1660243484.711246,63.1
1660243484.731103,64.4
1660243484.751073,64.9
1660243484.771153,66.2
1660243484.79107,62.3
1660243484.81109,62.9
1660243484.831074,63.7
1660243484.851082,63.3
1660243484.871092,63.0
1660243484.891075,63.0
1660243484.911053,63.1
1660243484.931069,64.1
1660243484.951,63.2
1660243484.971074,62.9
1660243484.991058,63.0
1660243485.010979,63.2
1660243485.031009,63.8
1660243485.051118,63.3
1660243485.071006,63.2
1660243485.09198,62.7
1660243485.111016,63.0
1660243485.131014,63.6
1660243485.151002,65.0
1660243485.171004,62.3
1660243485.191985,62.6
1660243485.210982,63.0
1660243485.231936,63.3
1660243485.25088,63.1
1660243485.270864,60.8
1660243485.291931,63.9
1660243485.311903,61.1
1660243485.331893,64.5
1660243485.351774,63.7
1660243485.371777,62.6
1660243485.391761,63.0
1660243485.411807,62.7
1660243485.431816,63.4
1660243485.45178,63.1
1660243485.471835,62.9
1660243485.491849,62.8
1660243485.51177,61.9
1660243485.531841,63.8
1660243485.551728,63.7
1660243485.57168,63.0
1660243485.591729,60.9
1660243485.611837,63.7
1660243485.631743,66.0
1660243485.651698,91.1
1660243485.671682,79.9
1660243485.691738,52.4
1660243485.711712,58.2
1660243485.731617,82.8
1660243485.751678,91.6
1660243485.771671,61.8
1660243485.79158,56.6
1660243485.811593,63.2
1660243485.831597,64.0
1660243485.851491,74.5
1660243485.871504,63.8
1660243485.891492,59.5
1660243485.911553,63.3
1660243485.931551,63.1
1660243485.951419,63.4
1660243485.971498,63.0
1660243485.991406,63.3
1660243486.011419,63.1
1660243486.031392,62.9
1660243486.051419,63.6
1660243486.071386,64.7
1660243486.091427,67.2
1660243486.111377,64.6
1660243486.131428,66.0
1660243486.151275,67.0
1660243486.171301,63.7
1660243486.19131,63.2
1660243486.211341,62.7
1660243486.231321,62.8
1660243486.251319,63.0
1660243486.271277,63.3
1660243486.291292,64.0
1660243486.311285,62.9
1660243486.331248,60.3
1660243486.35121,64.1
1660243486.371122,62.7
1660243486.391123,62.8
1660243486.411111,61.4
1660243486.43111,63.2
1660243486.451111,62.5
1660243486.471128,64.4
1660243486.49105,63.6
1660243486.511044,63.0
1660243486.531112,60.4
1660243486.551052,63.7
1660243486.571032,77.2
1660243486.591013,79.3
1660243486.611029,58.6
1660243486.631034,58.4
1660243486.651041,63.6
1660243486.67104,63.8
1660243486.691014,62.9
1660243486.711046,62.4
1660243486.730958,76.0
1660243486.751019,89.8
1660243486.770955,60.3
1660243486.791931,54.0
1660243486.81195,64.5
1660243486.830927,63.9
1660243486.850851,62.9
1660243486.870857,62.6
1660243486.890833,62.8
1660243486.911814,60.8
1660243486.931741,63.5
1660243486.951742,62.0
1660243486.97173,62.9
1660243486.991731,70.1
1660243487.011635,63.8
1660243487.031647,60.0
1660243487.051661,63.2
1660243487.071804,63.8
1660243487.091656,63.4
1660243487.111631,63.5
1660243487.131635,63.4
1660243487.151563,62.4
1660243487.171568,64.5
1660243487.191611,64.5
1660243487.211551,62.3
1660243487.231572,62.7
1660243487.25153,63.9
1660243487.271529,63.8
1660243487.291423,64.0
1660243487.311455,68.4
1660243487.331433,80.8
1660243487.351427,67.0
1660243487.371414,61.4
1660243487.391433,63.1
1660243487.411332,61.7
1660243487.43131,63.6
1660243487.451379,62.3
1660243487.47135,63.2
1660243487.491262,62.5
1660243487.511308,62.6
1660243487.531251,63.4
1660243487.551254,62.8
1660243487.57131,63.5
1660243487.591258,64.7
1660243487.611251,65.3
1660243487.631247,64.1
1660243487.651159,62.6
1660243487.671177,62.4
1660243487.691172,62.6
1660243487.711152,62.1
1660243487.731162,63.8
1660243487.751149,62.7
1660243487.771062,63.0
1660243487.791045,64.0
1660243487.81105,62.6
1660243487.830963,61.1
1660243487.850964,63.4
1660243487.870945,63.0
1660243487.890967,62.6
1660243487.91095,62.7
1660243487.930996,64.0
1660243487.950947,63.1
1660243487.970973,62.7
1660243487.990948,63.4
1660243488.010967,62.0
1660243488.03099,62.4
1660243488.050971,63.3
1660243488.072039,65.7
1660243488.091015,65.6
1660243488.110922,62.3
1660243488.131051,63.0
1660243488.150934,62.6
1660243488.170911,61.8
1660243488.191855,63.8
1660243488.21193,63.3
1660243488.231903,63.1
1660243488.250864,62.6
1660243488.270794,62.7
1660243488.291776,62.9
1660243488.311901,61.6
1660243488.33181,63.0
1660243488.3518,61.8
1660243488.371777,63.3
1660243488.391771,63.0
1660243488.411702,62.9
1660243488.431673,62.6
1660243488.451664,61.8
1660243488.471704,62.8
1660243488.491749,62.3
1660243488.511604,62.4
1660243488.531698,63.0
1660243488.551604,63.0
1660243488.571702,61.7
1660243488.591681,62.4
1660243488.611669,63.6
1660243488.631585,62.0
1660243488.65158,62.4
1660243488.671581,62.9
1660243488.69152,63.0
1660243488.711502,65.4
1660243488.731501,64.7
1660243488.751503,62.4
1660243488.771518,63.0
1660243488.791497,62.8
1660243488.811531,63.3
1660243488.831483,62.9
1660243488.851482,63.2
1660243488.871485,63.0
1660243488.891499,63.0
1660243488.9115,63.0
1660243488.931434,63.1
1660243488.951409,63.0
1660243488.97141,62.5
1660243488.991425,62.7
1660243489.011391,63.4
1660243489.031374,62.9
1660243489.051419,62.1
1660243489.071397,62.2
1660243489.091392,63.5
1660243489.111391,62.5
1660243489.13131,63.7
1660243489.151384,64.3
1660243489.171444,64.5
1660243489.191506,62.3
1660243489.211324,63.1
1660243489.231374,64.0
1660243489.251327,63.2
1660243489.271403,61.8
1660243489.291317,62.4
1660243489.31122,63.0
1660243489.331227,61.4
1660243489.35121,63.1
1660243489.371227,63.3
1660243489.391227,62.8
1660243489.411231,62.6
1660243489.43121,61.7
1660243489.451242,62.2
1660243489.471139,62.8
1660243489.491119,61.9
1660243489.511113,63.2
1660243489.531112,61.1
1660243489.551132,63.7
1660243489.571163,71.9
1660243489.591123,81.4
1660243489.611137,62.8
1660243489.63108,57.5
1660243489.651016,64.3
1660243489.671017,63.5
1660243489.691019,63.2
1660243489.711038,63.7
1660243489.730956,65.8
1660243489.750966,62.1
1660243489.771043,63.1
1660243489.790943,63.6
1660243489.810981,62.6
1660243489.830974,63.2
1660243489.850943,61.4
1660243489.870931,63.3
1660243489.890931,63.3
1660243489.91085,62.6
1660243489.930953,62.1
1660243489.950862,63.3
1660243489.970925,63.5
1660243489.991936,62.9
1660243490.010917,63.1
1660243490.03083,63.4
1660243490.050831,62.9
1660243490.070829,63.1
1660243490.091853,63.3
1660243490.111831,63.0
1660243490.131746,62.6
1660243490.15174,64.0
1660243490.171738,63.3
1660243490.190739,63.2
1660243490.211759,63.1
1660243490.231654,64.0
1660243490.251661,63.3
1660243490.271652,63.2
1660243490.291652,64.9
1660243490.311737,86.7
1660243490.331738,73.6
1660243490.351656,54.3
1660243490.371642,59.1
1660243490.391654,67.3
1660243490.411657,62.0
1660243490.431666,61.7
1660243490.451674,64.4
1660243490.47165,63.2
1660243490.491576,62.7
1660243490.511645,62.8
1660243490.531602,63.6
1660243490.551576,62.3
1660243490.571558,63.3
1660243490.591547,62.6
1660243490.611546,63.0
1660243490.631616,61.8
1660243490.651586,63.7
1660243490.671557,63.1
1660243490.691574,62.5
1660243490.711557,61.7
1660243490.731473,65.2
1660243490.751549,63.9
1660243490.771574,62.7
1660243490.791588,62.8
1660243490.811486,62.5
1660243490.831481,62.7
1660243490.851486,64.6
1660243490.871448,63.1
1660243490.891461,62.7
1660243490.911476,62.8
1660243490.931462,62.8
1660243490.951416,62.3
1660243490.971397,62.4
1660243490.99138,63.3
1660243491.011437,62.7
1660243491.031456,61.7
1660243491.051396,63.2
1660243491.07139,62.9
1660243491.091306,62.2
1660243491.111395,63.1
1660243491.131278,65.4
1660243491.151277,65.1
1660243491.171298,62.6
1660243491.191296,62.5
1660243491.211286,62.9
1660243491.2313,62.9
1660243491.251279,63.7
1660243491.271281,63.8
1660243491.291284,64.7
1660243491.311302,63.8
1660243491.331291,76.6
1660243491.351183,77.4
1660243491.371185,61.3
1660243491.391187,60.5
1660243491.411187,63.7
1660243491.431096,63.4
1660243491.4511,62.8
1660243491.471097,63.3
1660243491.491079,63.1
1660243491.511095,62.9
1660243491.531001,62.3
1660243491.55098,62.6
1660243491.570998,63.1
1660243491.590982,61.7
1660243491.610982,64.0
1660243491.630901,64.2
1660243491.650879,64.9
1660243491.670898,63.0
1660243491.690984,62.8
1660243491.710895,62.6
1660243491.730894,63.1
1660243491.750876,63.8
1660243491.770883,63.5
1660243491.790896,63.3
1660243491.810904,63.0
1660243491.830795,62.9
1660243491.850786,62.6
1660243491.870893,63.0
1660243491.890791,63.1
1660243491.910794,62.8
1660243491.93091,61.3
1660243491.950791,63.6
1660243491.970886,63.3
1660243491.990781,61.1
1660243492.010778,64.3
1660243492.031794,63.5
1660243492.050822,62.9
1660243492.070839,63.2
1660243492.090787,62.2
1660243492.1108,62.7
1660243492.131787,62.5
1660243492.151718,63.0
1660243492.171742,62.4
1660243492.191769,63.4
1660243492.211735,62.1
1660243492.231625,63.0
1660243492.251757,62.8
1660243492.271702,64.7
1660243492.291709,63.8
1660243492.311734,61.9
1660243492.331599,61.0
1660243492.351595,63.7
1660243492.371586,62.2
1660243492.391701,63.3
1660243492.411665,62.9
1660243492.431605,62.6
1660243492.451548,62.7
1660243492.471584,62.2
1660243492.491622,63.5
1660243492.511616,61.8
1660243492.531502,62.7
1660243492.551649,62.9
1660243492.571604,72.1
1660243492.591647,83.9
1660243492.611631,62.3
1660243492.631686,56.6
1660243492.651507,64.1
1660243492.671514,63.3
1660243492.691611,64.2
1660243492.711578,63.6
1660243492.731513,62.9
1660243492.751428,63.0
1660243492.771477,63.2
1660243492.791484,63.9
1660243492.811523,65.0
1660243492.831498,80.4
1660243492.851519,72.4
1660243492.871437,56.5
1660243492.891516,62.4
1660243492.911517,63.6
1660243492.931462,63.4
1660243492.951438,62.5
1660243492.971433,62.8
1660243492.991438,62.8
1660243493.011394,62.3
1660243493.031363,62.8
1660243493.051367,62.5
1660243493.071347,62.9
1660243493.091364,63.5
1660243493.111358,62.4
1660243493.131267,62.4
1660243493.151244,61.6
1660243493.171274,63.1
1660243493.19129,62.8
1660243493.211261,63.0
1660243493.231243,63.0
1660243493.251247,63.2
1660243493.271273,62.4
1660243493.29124,62.8
1660243493.31126,62.7
1660243493.331258,62.4
1660243493.351248,62.4
1660243493.371244,62.1
1660243493.391249,63.0
1660243493.41116,62.8
1660243493.431215,61.6
1660243493.451156,61.6
1660243493.47117,63.0
1660243493.491156,62.4
1660243493.511157,62.4
1660243493.531165,61.6
1660243493.551172,63.1
1660243493.571094,63.1
1660243493.591162,62.4
1660243493.611072,62.1
1660243493.631096,62.9
1660243493.650994,61.7
1660243493.671054,62.8
1660243493.690955,61.3
1660243493.710994,63.3
1660243493.730992,63.1
1660243493.75096,62.5
1660243493.770955,62.9
1660243493.791018,63.4
1660243493.81102,62.4
1660243493.830979,63.6
1660243493.850869,62.0
1660243493.8709,63.4
1660243493.890864,62.1
1660243493.91087,63.0
1660243493.930869,63.0
1660243493.950865,63.1
1660243493.970774,62.6
1660243493.990758,64.4
1660243494.010767,63.8
1660243494.030811,63.5
1660243494.051673,62.9
1660243494.071668,63.1
1660243494.091688,63.0
1660243494.11169,63.0
1660243494.131715,63.0
1660243494.151562,62.7
1660243494.171612,62.2
1660243494.191588,64.0
1660243494.211615,68.3
1660243494.231586,61.7
1660243494.251653,63.0
1660243494.271568,62.5
1660243494.291683,63.6
1660243494.311554,63.1
1660243494.331501,62.4
1660243494.351588,62.3
1660243494.371596,61.9
1660243494.391521,63.6
1660243494.411415,62.9
1660243494.431398,62.4
1660243494.451417,62.7
1660243494.471422,61.1
1660243494.491417,63.2
1660243494.511426,65.2
1660243494.53143,62.3
1660243494.551321,62.2
1660243494.571317,62.8
1660243494.59131,61.0
1660243494.61132,64.0
1660243494.631306,62.1
1660243494.651327,62.7
1660243494.671222,62.7
1660243494.691234,61.8
1660243494.751219,62.7
1660243494.771106,62.0
1660243494.79111,64.0
1660243494.811088,67.6
1660243494.831112,65.6
1660243494.851114,64.2
1660243494.871125,63.6
1660243494.891113,64.1
1660243494.911116,64.9
1660243494.931123,64.3
1660243494.951124,66.3
1660243494.971124,66.4
1660243494.991011,66.0
1660243495.010998,68.7
1660243495.031003,68.9
1660243495.050994,65.9
1660243495.070997,68.2
1660243495.091023,65.7
1660243495.111008,69.2
1660243495.130893,69.8
1660243495.150894,74.2
1660243495.170894,62.9
1660243495.19091,64.6
1660243495.210909,70.4
1660243495.230798,67.4
1660243495.250814,63.6
1660243495.270809,68.9
1660243495.29081,68.0
1660243495.310804,65.2
1660243495.33081,75.0
1660243495.350815,68.5
1660243495.370792,64.1
1660243495.390704,63.0
1660243495.410692,62.8
1660243495.431709,62.6
1660243495.45171,62.9
1660243495.470724,63.0
1660243495.490705,62.5
1660243495.510699,63.0
1660243495.530782,63.5
1660243495.551714,63.2
1660243495.571609,70.0
1660243495.591638,81.6
1660243495.611587,68.5
1660243495.631627,55.3
1660243495.651606,63.0
1660243495.671598,63.5
1660243495.691617,62.9
1660243495.711628,64.0
1660243495.73166,65.4
1660243495.751681,62.5
1660243495.771591,62.3
1660243495.791626,62.7
1660243495.811655,62.5
1660243495.831648,62.4
1660243495.851615,64.9
1660243495.871623,64.7
1660243495.891609,61.0
1660243495.911688,61.9
1660243495.931632,62.9
1660243495.951479,63.0
1660243495.971546,62.9
1660243495.991459,60.9
1660243496.011442,63.9
1660243496.031439,62.9
1660243496.051361,63.0
1660243496.071377,62.8
1660243496.091352,62.1
1660243496.11138,63.0
1660243496.131355,62.2
1660243496.151365,62.7
1660243496.171277,62.4
1660243496.19128,62.0
1660243496.211277,63.2
1660243496.231282,61.9
1660243496.25128,62.9
1660243496.27128,61.9
1660243496.291259,63.4
1660243496.311257,62.6
1660243496.331242,61.7
1660243496.35114,62.9
1660243496.371151,63.0
1660243496.391149,62.6
1660243496.41114,61.1
1660243496.431141,63.6
1660243496.451057,62.9
1660243496.471148,61.2
1660243496.491056,63.5
1660243496.511096,62.0
1660243496.53109,64.1
1660243496.551065,63.3
1660243496.610954,61.5
1660243496.63096,63.0
1660243496.650962,63.1
1660243496.670954,62.5
1660243496.690957,63.0
1660243496.710974,62.3
1660243496.730877,63.7
1660243496.750845,65.4
1660243496.770863,64.2
1660243496.790863,60.7
1660243496.810868,64.2
1660243496.830873,63.4
1660243496.850879,63.8
1660243496.870871,78.4
1660243496.890765,77.7
1660243496.910762,57.2
1660243496.930767,59.2
1660243496.950769,64.3
1660243496.970769,63.1
1660243496.990771,63.3
1660243497.010765,63.2
1660243497.03176,62.6
1660243497.050756,62.7
1660243497.070772,62.6
1660243497.090803,63.4
1660243497.110666,62.1
1660243497.131674,63.9
1660243497.151652,64.3
1660243497.171667,63.2
1660243497.19166,62.4
1660243497.21165,62.2
1660243497.23168,62.5
1660243497.251683,62.2
1660243497.27172,62.2
1660243497.291663,62.1
1660243497.311539,63.4
1660243497.331564,63.3
1660243497.351548,63.7
1660243497.371514,63.2
1660243497.391542,62.6
1660243497.411538,61.9
1660243497.431526,63.0
1660243497.451513,62.0
1660243497.471458,62.5
1660243497.491443,62.0
1660243497.511432,63.2
1660243497.531393,62.0
1660243497.551412,61.7
1660243497.571454,63.8
1660243497.591428,64.9
1660243497.611443,66.2
1660243497.631315,63.4
1660243497.651338,63.5
1660243497.671324,62.5
1660243497.691341,62.8
1660243497.711339,62.5
1660243497.731321,61.7
1660243497.751322,63.6
1660243497.771305,65.4
1660243497.7912,64.9
1660243497.811198,61.5
1660243497.831222,62.6
1660243497.851211,63.0
1660243497.871234,63.5
1660243497.891225,62.8
1660243497.911137,62.6
1660243497.931111,63.3
1660243497.951117,67.5
1660243497.971103,61.8
1660243497.991071,62.9
1660243498.01104,63.2
1660243498.031067,62.9
1660243498.05102,62.9
1660243498.071026,67.0
1660243498.091051,64.3
1660243498.111022,62.3
1660243498.13102,62.3
1660243498.150935,63.2
1660243498.170905,63.5
1660243498.190907,64.7
1660243498.210922,63.3
1660243498.230919,64.2
1660243498.250908,65.2
1660243498.270845,62.9
1660243498.290802,63.2
1660243498.310826,62.6
1660243498.330822,63.0
1660243498.350828,62.0
1660243498.370825,63.3
1660243498.390809,63.5
1660243498.410829,62.5
1660243498.430713,62.0
1660243498.45071,61.9
1660243498.470716,63.0
1660243498.49071,62.6
1660243498.510709,63.3
1660243498.531759,64.0
1660243498.550741,62.8
1660243498.570734,64.8
1660243498.590738,80.6
1660243498.610751,72.7
1660243498.631744,56.4
1660243498.651727,60.1
1660243498.670717,64.5
1660243498.690752,63.5
1660243498.751668,62.8
1660243498.771675,62.4
1660243498.790609,62.7
1660243498.810716,63.2
1660243498.830586,61.9
1660243498.851717,63.3
1660243498.871655,62.1
1660243498.891563,62.9
1660243498.910596,61.7
1660243498.930605,63.4
1660243498.951606,62.2
1660243498.971565,62.4
1660243498.99156,62.7
1660243499.011576,62.9
1660243499.031473,62.1
1660243499.051462,62.3
1660243499.071483,63.1
1660243499.091458,63.0
1660243499.111504,62.1
1660243499.131468,63.0
1660243499.151505,62.7
1660243499.171493,67.6
1660243499.191379,62.5
1660243499.21146,62.9
1660243499.231468,62.8
1660243499.251371,64.1
1660243499.271377,66.2
1660243499.291381,65.6
1660243499.311379,63.6
1660243499.331388,64.8
1660243499.351295,65.0
1660243499.371277,66.5
1660243499.391272,62.8
1660243499.411279,63.0
1660243499.431278,63.2
1660243499.451268,63.6
1660243499.471276,63.2
1660243499.491289,62.7
1660243499.511293,62.8
1660243499.531279,62.6
1660243499.551189,62.4
1660243499.571188,63.0
1660243499.591208,62.8
1660243499.611102,68.5
1660243499.631089,76.4
1660243499.651077,61.8
1660243499.671075,58.2
1660243499.691083,64.5
1660243499.711105,63.4
1660243499.730973,63.3
1660243499.751077,64.2
1660243499.770972,63.2
1660243499.791007,62.3
1660243499.810997,62.9
1660243499.831041,62.8
1660243499.850984,61.9
1660243499.870888,62.4
1660243499.890876,63.3
1660243499.910882,62.7
1660243499.930878,63.0
1660243499.95088,61.8
1660243499.970793,63.6
1660243499.990776,63.6
1660243500.010797,63.2
1660243500.030816,64.2
1660243500.050704,63.2
1660243500.07071,63.2
1660243500.090805,62.9
1660243500.1107,63.1
1660243500.130766,63.4
1660243500.150704,63.0
1660243500.170641,62.7
1660243500.190604,62.4
1660243500.21061,62.5
1660243500.231639,62.9
1660243500.25161,62.8
1660243500.271542,61.8
1660243500.291514,62.8
1660243500.310529,62.6
1660243500.331437,62.8
1660243500.351526,62.8
1660243500.371443,63.6
1660243500.391435,64.6
1660243500.411426,62.8
1660243500.431426,62.8
1660243500.45142,62.3
1660243500.471413,61.2
1660243500.491442,63.2
1660243500.511426,62.4
1660243500.531421,62.4
1660243500.551351,62.5
1660243500.571338,63.1
1660243500.591416,63.1
1660243500.611318,62.5
1660243500.631316,63.3
1660243500.651316,63.5
1660243500.671337,62.7
1660243500.691356,63.1
1660243500.711362,62.7
1660243500.73133,63.4
1660243500.751318,63.1
1660243500.771317,63.2
1660243500.791219,63.0
1660243500.811251,61.8
1660243500.831232,64.0
1660243500.851228,65.6
1660243500.871247,64.1
1660243500.891117,62.7
1660243500.911144,62.6
1660243500.931129,62.2
1660243500.951138,62.7
1660243500.971038,63.0
1660243500.991129,63.4
1660243501.011026,62.7
1660243501.031015,62.2
1660243501.051043,62.9
1660243501.071042,68.8
1660243501.091045,64.2
1660243501.111029,64.6
1660243501.131064,65.3
1660243501.151031,65.1
1660243501.170952,66.9
1660243501.19093,64.7
1660243501.210951,67.2
1660243501.230956,63.7
1660243501.250938,65.4
1660243501.270849,83.8
1660243501.290922,97.5
1660243501.310808,71.8
1660243501.330859,60.3
1660243501.350878,65.0
1660243501.370803,68.6
1660243501.390804,68.5
1660243501.410827,63.7
1660243501.430865,65.0
1660243501.450802,68.0
1660243501.470745,63.5
1660243501.490806,65.0
1660243501.51083,66.1
1660243501.530758,67.6
1660243501.55081,64.4
1660243501.570812,70.5
1660243501.590818,73.7
1660243501.610748,65.5
1660243501.630675,63.2
1660243501.650666,66.4
1660243501.670672,65.3
1660243501.690667,65.3
1660243501.710687,66.7
1660243501.731593,69.0
1660243501.750563,85.8
1660243501.770666,77.0
1660243501.790662,60.9
1660243501.81056,64.9
1660243501.831594,69.6
1660243501.851589,66.4
1660243501.870587,62.5
1660243501.890587,67.9
1660243501.910497,62.1
1660243501.931585,68.2
1660243501.951564,64.9
1660243501.971489,69.8
1660243501.99148,65.0
1660243502.011464,67.6
1660243502.031468,65.7
1660243502.051471,67.4
1660243502.071469,63.4
1660243502.091511,63.1
1660243502.111495,62.9
1660243502.131403,62.9
1660243502.151403,63.0
1660243502.17142,62.8
1660243502.191358,62.3
1660243502.211395,62.1
1660243502.231398,63.2
1660243502.251372,61.6
1660243502.271398,63.5
1660243502.291301,62.4
1660243502.311292,61.4
1660243502.331299,62.9
1660243502.351299,62.0
1660243502.3713,63.6
1660243502.391307,63.4
1660243502.411302,62.7
1660243502.431259,61.8
1660243502.451278,63.2
1660243502.471224,62.7
1660243502.491184,64.6
1660243502.511209,63.2
1660243502.531179,62.6
1660243502.55123,61.2
1660243502.571103,63.5
1660243502.591095,62.1
1660243502.611178,62.5
1660243502.631088,61.8
1660243502.651055,62.5
1660243502.671073,62.3
1660243502.691096,63.5
1660243502.711065,62.5
1660243502.73107,62.3
1660243502.750994,63.1
1660243502.770991,62.9
1660243502.791001,62.2
1660243502.810994,62.8
1660243502.830998,62.8
1660243502.851,62.1
1660243502.870995,62.7
1660243502.890976,63.6
1660243502.910992,61.1
1660243502.930999,63.4
1660243502.950997,63.3
1660243502.970972,62.5
1660243502.991012,62.4
1660243503.011016,62.6
1660243503.030986,62.9
1660243503.050983,61.9
1660243503.070902,66.4
1660243503.090927,68.1
1660243503.11088,60.9
1660243503.130881,60.4
1660243503.15089,63.3
1660243503.170911,63.1
1660243503.190904,63.1
1660243503.21091,62.3
1660243503.230883,66.8
1660243503.250815,64.6
1660243503.270887,62.8
1660243503.290803,65.4
1660243503.310816,63.7
1660243503.330815,75.5
1660243503.350727,78.6
1660243503.370779,62.0
1660243503.390729,61.7
1660243503.410731,64.7
1660243503.430726,63.6
1660243503.450754,63.3
1660243503.470645,62.7
1660243503.490723,63.5
1660243503.510627,62.9
1660243503.530631,62.3
1660243503.550655,62.2
1660243503.570617,63.1
1660243503.590621,62.6
1660243503.610771,63.3
1660243503.631639,62.8
1660243503.650584,61.5
1660243503.670527,63.0
1660243503.690548,63.0
1660243503.71056,62.8
1660243503.731671,62.7
1660243503.751542,65.2
1660243503.7716,63.3
1660243503.791438,63.8
1660243503.811494,64.0
1660243503.831496,62.5
1660243503.851486,62.7
1660243503.87144,60.5
1660243503.891493,63.5
1660243503.911328,63.3
1660243503.931373,62.0
1660243503.951406,62.4
1660243503.971332,62.8
1660243503.99135,62.4
1660243504.011362,62.8
1660243504.031366,62.8
1660243504.051341,62.3
1660243504.071354,62.7
1660243504.091365,63.3
1660243504.111339,64.3
1660243504.13132,63.0
1660243504.151256,62.9
1660243504.171286,61.4
1660243504.19127,62.9
1660243504.211286,62.8
1660243504.231342,62.2
1660243504.251248,62.5
1660243504.271257,63.0
1660243504.291267,61.7
1660243504.311163,63.2
1660243504.331264,62.3
1660243504.351294,61.7
1660243504.371173,63.0
1660243504.391166,63.3
1660243504.411248,63.0
1660243504.431068,62.2
1660243504.451124,62.7
1660243504.471085,63.0
1660243504.491045,62.2
1660243504.511046,63.3
1660243504.531074,62.3
1660243504.550966,61.8
1660243504.57092,64.4
1660243504.590982,79.0
1660243504.610972,77.0
1660243504.631038,57.1
1660243504.650864,59.4
1660243504.670946,64.1
1660243504.690922,63.2
1660243504.710946,63.2
1660243504.730776,65.8
1660243504.750792,64.9
1660243504.770769,62.1
1660243504.790785,62.8
1660243504.810769,62.1
1660243504.830816,63.5
1660243504.850803,63.4
1660243504.870778,62.7
1660243504.890836,62.2
1660243504.910698,62.5
1660243504.930713,64.4
1660243504.950688,62.8
1660243504.970725,62.1
1660243504.99068,63.4
1660243505.010691,65.9
1660243505.030713,62.1
1660243505.050699,62.5
1660243505.070609,62.5
1660243505.090597,62.2
1660243505.110585,62.8
1660243505.130583,62.8
1660243505.150587,62.8
1660243505.170611,62.8
1660243505.190572,62.4
1660243505.210654,63.1
1660243505.23049,62.8
1660243505.251494,62.6
1660243505.271505,62.8
1660243505.291512,62.7
1660243505.31049,62.8
1660243505.330491,65.5
1660243505.351423,63.6
1660243505.371425,63.3
1660243505.391418,65.2
1660243505.411402,62.7
1660243505.431422,62.4
1660243505.450405,62.6
1660243505.471432,62.6
1660243505.491407,62.7
1660243505.511297,62.8
1660243505.531335,63.0
1660243505.551287,62.9
1660243505.571316,63.1
1660243505.591276,63.2
1660243505.611268,62.3
1660243505.631313,62.6
1660243505.651328,62.5
1660243505.671272,62.6
1660243505.691189,62.5
1660243505.711176,62.8
1660243505.731229,63.5
1660243505.75119,63.7
1660243505.771232,64.6
1660243505.79122,63.1
1660243505.81124,63.2
1660243505.83121,62.4
1660243505.851193,65.2
1660243505.871195,65.4
1660243505.891113,65.5
1660243505.911094,63.4
1660243505.931098,62.8
1660243505.951142,63.8
1660243505.971115,63.3
1660243505.991129,63.0
1660243506.011106,63.4
1660243506.031124,62.9
1660243506.051055,63.3
1660243506.071009,63.1
1660243506.090995,62.6
1660243506.111026,63.0
1660243506.131002,62.7
1660243506.151021,63.6
1660243506.170989,63.1
1660243506.191008,62.7
1660243506.210932,62.6
1660243506.23099,64.6
1660243506.251013,63.2
1660243506.271023,62.8
1660243506.290843,63.1
1660243506.310841,62.3
1660243506.330894,62.9
1660243506.350825,63.6
1660243506.370838,63.6
1660243506.390879,63.5
1660243506.410836,62.9
1660243506.430731,62.7
1660243506.450748,63.1
1660243506.470653,62.7
1660243506.490743,62.3
1660243506.510751,63.0
1660243506.530648,63.4
1660243506.550681,63.4
1660243506.570624,63.5
1660243506.590662,63.2
1660243506.610662,62.4
1660243506.630657,62.5
1660243506.650669,62.1
1660243506.670644,62.8
1660243506.690542,62.5
1660243506.710529,62.6
1660243506.730534,63.9
1660243506.750532,66.0
1660243506.770524,62.7
1660243506.790527,61.6
1660243506.810455,62.1
1660243506.830529,63.1
1660243506.851489,62.6
1660243506.871448,62.5
1660243506.891453,62.6
1660243506.910566,62.5
1660243506.930432,62.5
1660243506.951438,62.0
1660243506.971431,63.9
1660243506.991338,62.8
1660243507.011368,63.0
1660243507.031341,61.8
1660243507.050373,64.7
1660243507.07137,63.6
1660243507.091356,63.0
1660243507.111332,62.3
1660243507.13125,62.1
1660243507.151276,62.3
1660243507.171261,63.1
1660243507.191275,62.4
1660243507.21124,61.9
1660243507.231255,63.1
1660243507.251273,63.8
1660243507.271229,64.6
1660243507.291236,64.1
1660243507.311274,63.5
1660243507.331183,76.2
1660243507.351137,89.3
1660243507.371137,67.7
1660243507.391134,57.6
1660243507.411138,66.5
1660243507.431138,63.8
1660243507.45119,62.7
1660243507.471019,63.1
1660243507.491027,63.5
1660243507.511012,63.4
1660243507.531051,64.2
1660243507.55107,66.7
1660243507.571034,65.8
1660243507.591052,78.3
1660243507.611029,78.7
1660243507.631095,60.3
1660243507.651038,59.0
1660243507.671052,65.7
1660243507.690972,67.0
1660243507.711059,65.3
1660243507.731064,64.4
1660243507.751031,63.1
1660243507.770882,64.1
1660243507.790892,67.7
1660243507.810905,69.3
1660243507.830893,62.3
1660243507.850893,63.0
1660243507.870893,67.8
1660243507.890881,67.1
1660243507.910761,66.0
1660243507.930774,64.1
1660243507.95078,64.8
1660243507.970758,64.2
1660243507.990791,66.6
1660243508.01078,62.6
1660243508.030801,63.3
1660243508.050788,64.2
1660243508.070687,68.9
1660243508.090688,64.2
1660243508.1107,62.9
1660243508.130706,63.5
1660243508.150732,63.2
1660243508.170694,64.3
1660243508.190756,64.7
1660243508.210712,63.9
1660243508.230593,66.9
1660243508.250663,66.4
1660243508.270578,65.8
1660243508.29059,67.4
1660243508.310584,66.3
1660243508.330598,73.0
1660243508.350598,65.6
1660243508.37049,62.9
1660243508.390586,64.7
1660243508.410493,64.0
1660243508.430499,64.2
1660243508.450513,63.1
1660243508.470473,63.0
1660243508.49048,65.5
1660243508.510508,74.5
1660243508.530498,63.8
1660243508.5515,61.6
1660243508.571404,63.8
1660243508.591399,63.8
1660243508.610393,64.9
1660243508.630393,62.9
1660243508.650381,64.2
1660243508.671452,68.5
1660243508.69134,66.1
1660243508.711319,66.9
1660243508.731337,63.4
1660243508.750294,64.5
1660243508.771326,63.3
1660243508.791326,64.8
1660243508.811329,64.3
1660243508.831225,63.0
1660243508.851235,65.9
1660243508.871224,70.3
1660243508.891223,67.3
1660243508.911228,64.4
1660243508.931125,63.8
1660243508.951236,63.4
1660243508.971227,64.0
1660243508.99122,63.5
1660243509.011217,63.9
1660243509.031124,64.3
1660243509.051128,67.1
1660243509.071215,64.2
1660243509.091096,63.5
1660243509.111094,64.9
1660243509.131107,62.7
1660243509.151106,64.2
1660243509.171099,64.4
1660243509.191098,63.4
1660243509.211109,68.7
1660243509.231095,67.6
1660243509.251137,66.2
1660243509.271087,67.6
1660243509.291084,65.2
1660243509.311088,66.9
1660243509.3311,69.3
1660243509.351025,69.6
1660243509.371124,66.4
1660243509.391086,62.4
1660243509.411083,63.1
1660243509.431028,63.2
1660243509.450941,64.0
1660243509.470949,64.1
1660243509.490969,62.5
1660243509.510956,64.9
1660243509.530946,68.1
1660243509.550847,63.0
1660243509.570849,63.5
1660243509.590842,63.7
1660243509.610843,63.5
1660243509.630734,65.2
1660243509.650744,63.6
1660243509.670758,66.2
1660243509.690754,67.2
1660243509.710764,67.7
1660243509.73076,62.6
1660243509.750657,63.6
1660243509.77066,64.8
1660243509.79064,63.4
1660243509.810641,63.5
1660243509.83065,63.8
1660243509.850655,68.7
1660243509.870665,65.3
1660243509.890675,63.4
1660243509.910652,63.2
1660243509.930567,63.8
1660243509.950544,64.2
1660243509.970548,64.2
1660243509.990647,63.2
1660243510.01056,66.6
1660243510.030541,69.3
1660243510.050582,67.4
1660243510.070572,65.1
1660243510.090545,68.7
1660243510.110537,68.8
1660243510.130551,65.6
1660243510.150553,68.1
1660243510.170538,67.6
1660243510.190542,68.0
1660243510.210541,70.2
1660243510.230464,68.6
1660243510.250439,67.1
1660243510.270453,65.7
1660243510.290439,68.8
1660243510.31044,67.3
1660243510.330427,65.8
1660243510.350341,67.6
1660243510.371338,69.5
1660243510.390375,83.8
1660243510.410365,73.9
1660243510.430355,56.4
1660243510.450345,59.7
1660243510.471324,67.3
1660243510.491344,81.5
1660243510.511344,72.1
1660243510.530348,56.0
1660243510.550368,59.8
1660243510.571366,67.9
1660243510.59135,81.5
1660243510.611368,76.9
1660243510.631267,59.6
1660243510.651248,59.6
1660243510.671256,64.2
1660243510.691241,64.8
1660243510.71112,62.7
1660243510.731142,63.0
1660243510.751128,62.9
1660243510.771144,62.7
1660243510.791122,63.1
1660243510.811062,62.8
1660243510.831154,62.9
1660243510.851063,64.4
1660243510.871132,65.6
1660243510.891132,61.9
1660243510.911163,62.8
1660243510.931148,63.3
1660243510.951141,62.8
1660243510.971163,62.5
1660243510.991013,62.9
1660243511.011012,63.0
1660243511.031014,62.1
1660243511.050995,63.7
1660243511.07101,63.7
1660243511.091003,64.6
1660243511.111013,63.7
1660243511.130917,62.7
1660243511.150904,62.8
1660243511.1709,63.3
1660243511.190814,63.6
1660243511.210803,62.9
1660243511.230785,63.4
1660243511.250786,64.2
1660243511.270817,64.4
1660243511.290793,64.8
1660243511.310801,65.4
1660243511.33079,73.7
1660243511.350793,87.3
1660243511.370722,69.9
1660243511.390722,56.6
1660243511.41069,61.3
1660243511.430624,64.0
1660243511.450618,65.3
1660243511.470618,61.8
1660243511.490607,62.7
1660243511.510611,61.9
1660243511.530618,62.2
1660243511.55061,62.6
1660243511.570606,62.9
1660243511.590596,62.9
1660243511.610608,61.5
1660243511.630605,62.7
1660243511.650545,63.4
1660243511.670535,62.9
1660243511.690512,63.0
1660243511.710515,60.9
1660243511.730492,63.3
1660243511.750509,62.7
1660243511.770497,63.1
1660243511.790529,64.7
1660243511.810494,63.0
1660243511.830494,61.8
1660243511.850414,62.0
1660243511.870441,63.3
1660243511.890428,62.8
1660243511.910411,62.9
1660243511.930408,62.8
1660243511.95142,62.0
1660243511.971404,63.9
1660243511.991326,83.4
1660243512.011338,87.7
1660243512.030304,55.5
1660243512.050288,54.7
1660243512.07133,68.2
1660243512.091302,66.2
1660243512.111198,62.1
1660243512.131171,61.5
1660243512.151175,63.4
1660243512.171189,62.6
1660243512.191184,62.9
1660243512.211202,62.5
1660243512.231149,61.9
1660243512.251203,61.9
1660243512.271237,63.2
1660243512.29113,63.2
1660243512.311044,63.4
1660243512.331056,62.6
1660243512.35106,62.4
1660243512.370941,61.9
1660243512.390927,62.9
1660243512.410956,63.7
1660243512.430993,62.9
1660243512.450922,62.0
1660243512.470923,62.9
1660243512.490928,62.8
1660243512.510929,62.5
1660243512.53092,62.3
1660243512.550837,63.1
1660243512.57083,62.6
1660243512.590857,63.0
1660243512.610829,62.7
1660243512.630825,63.0
1660243512.650864,61.8
1660243512.670885,64.4
1660243512.690836,63.3
1660243512.710841,63.3
1660243512.730846,65.2
1660243512.750841,85.7
1660243512.770828,79.7
1660243512.790834,55.5
1660243512.810742,61.3
1660243512.83075,64.9
1660243512.850724,63.2
1660243512.870643,62.9
1660243512.890744,62.7
1660243512.91066,62.1
1660243512.930619,63.4
1660243512.950634,62.9
1660243512.970624,63.1
1660243512.990644,62.6
1660243513.010632,63.0
1660243513.030656,62.5
1660243513.05066,62.4
1660243513.070556,64.3
1660243513.090632,65.3
1660243513.110537,63.4
1660243513.130531,64.1
1660243513.150559,63.0
1660243513.170546,62.7
1660243513.190559,62.4
1660243513.210468,62.1
1660243513.230475,63.1
1660243513.250568,61.3
1660243513.270573,63.0
1660243513.290461,64.3
1660243513.310481,63.3
1660243513.330469,62.7
1660243513.350457,60.4
1660243513.370449,63.6
1660243513.390494,63.1
1660243513.410447,61.2
1660243513.430456,63.0
1660243513.450375,62.7
1660243513.470384,62.7
1660243513.490381,61.4
1660243513.510343,63.3
1660243513.530353,60.9
1660243513.550371,63.5
1660243513.57134,63.2
1660243513.590339,74.4
1660243513.610282,79.9
1660243513.630278,59.4
1660243513.651228,57.0
1660243513.671246,64.0
1660243513.691246,63.7
1660243513.71125,62.6
1660243513.731248,65.9
1660243513.751232,86.7
1660243513.771258,80.3
1660243513.791237,54.0
1660243513.81125,60.0
1660243513.831231,64.8
1660243513.851254,63.1
1660243513.871261,62.4
1660243513.891236,63.1
1660243513.911253,62.9
1660243513.931256,62.3
1660243513.951236,62.3
1660243513.971234,62.7
1660243513.991084,62.3
1660243514.01109,63.9
1660243514.031092,63.0
1660243514.051089,61.6
1660243514.071113,62.8
1660243514.091097,63.8
1660243514.111102,63.1
1660243514.131023,61.8
1660243514.151114,62.1
1660243514.171031,62.9
1660243514.191008,62.9
1660243514.211005,63.1
1660243514.230997,62.6
1660243514.251008,62.5
1660243514.271012,61.2
1660243514.290928,62.8
1660243514.310928,63.1
1660243514.330913,62.2
1660243514.350891,61.2
1660243514.370909,63.5
1660243514.390902,62.5
1660243514.410915,61.6
1660243514.430927,63.5
1660243514.450947,61.6
1660243514.470946,62.5
1660243514.490848,61.8
1660243514.510813,62.5
1660243514.530808,62.7
1660243514.550845,62.2
1660243514.570809,62.6
1660243514.590797,63.1
1660243514.610823,62.7
1660243514.630741,62.1
1660243514.650721,63.0
1660243514.670726,63.0
1660243514.690742,62.5
1660243514.710752,62.8
1660243514.730729,64.4
1660243514.750724,86.1
1660243514.770626,79.9
1660243514.790629,54.1
1660243514.81071,58.8
1660243514.830711,64.6
1660243514.850609,63.6
1660243514.870628,62.3
1660243514.890534,62.2
1660243514.910528,63.0
1660243514.930527,62.7
1660243514.950507,62.4
1660243514.970499,62.2
1660243514.990528,63.3
1660243515.01054,63.2
1660243515.030525,62.7
1660243515.050501,63.0
1660243515.070404,62.4
1660243515.090436,63.5
1660243515.110393,63.7
1660243515.130454,62.9
1660243515.150445,63.2
1660243515.170446,62.9
1660243515.190417,62.8
1660243515.210426,63.8
1660243515.23036,65.3
1660243515.250337,64.3
1660243515.270296,64.1
1660243515.29032,64.8
1660243515.311317,66.6
1660243515.331336,80.8
1660243515.351284,90.6
1660243515.371285,64.6
1660243515.39131,55.7
1660243515.41124,63.0
1660243515.431318,63.8
1660243515.451254,63.1
1660243515.470272,63.4
1660243515.491154,63.9
1660243515.511144,62.9
1660243515.531132,62.9
1660243515.551154,60.8
1660243515.571186,63.6
1660243515.591166,62.8
1660243515.611192,62.7
1660243515.631178,62.1
1660243515.651142,62.7
1660243515.671073,62.3
1660243515.691096,62.0
1660243515.711069,61.9
1660243515.731115,63.2
1660243515.751062,63.6
1660243515.771045,62.9
1660243515.791094,62.8
1660243515.811059,63.4
1660243515.831066,61.6
1660243515.851085,65.5
1660243515.871006,63.4
1660243515.89094,62.8
1660243515.910964,62.6
1660243515.930948,63.1
1660243515.950887,62.3
1660243515.970881,63.2
1660243515.9909,62.4
1660243516.010875,63.4
1660243516.030869,63.1
1660243516.050871,61.8
1660243516.070864,64.5
1660243516.09085,64.6
1660243516.110891,62.7
1660243516.130852,62.2
1660243516.150876,61.4
1660243516.170857,62.9
1660243516.190795,63.7
1660243516.210875,60.8
1660243516.23086,63.6
1660243516.250795,62.9
1660243516.2708,62.8
1660243516.290788,60.9
1660243516.310772,63.3
1660243516.330812,63.0
1660243516.350902,62.6
1660243516.370749,61.7
1660243516.390749,63.1
1660243516.410785,63.1
1660243516.4308,63.2
1660243516.450755,63.0
1660243516.470776,62.9
1660243516.490776,62.5
1660243516.51072,63.0
1660243516.530674,62.9
1660243516.550656,63.1
1660243516.570677,63.1
1660243516.590675,74.0
1660243516.610702,65.9
1660243516.630715,59.3
1660243516.650688,62.9
1660243516.670706,63.5
1660243516.690657,63.2
1660243516.710598,63.0
1660243516.730567,63.0
1660243516.750585,63.3
1660243516.770567,62.9
1660243516.79059,62.7
1660243516.810552,61.9
1660243516.830599,63.3
1660243516.850565,62.1
1660243516.870582,64.2
1660243516.890567,65.6
1660243516.910515,61.8
1660243516.930568,60.6
1660243516.950575,63.3
1660243516.970482,63.0
1660243516.990493,61.5
1660243517.010464,64.7
1660243517.03049,63.6
1660243517.050473,62.9
1660243517.07052,62.5
1660243517.090491,63.1
1660243517.110468,63.2
1660243517.130467,62.3
1660243517.150523,62.2
1660243517.170392,63.0
1660243517.190376,61.1
1660243517.211361,63.4
1660243517.2304,63.1
1660243517.250354,61.9
1660243517.270379,64.0
1660243517.290435,64.4
1660243517.311377,62.4
1660243517.330403,62.4
1660243517.350365,61.2
1660243517.370407,63.4
1660243517.390415,62.3
1660243517.411364,61.0
1660243517.430302,63.3
1660243517.45037,62.6
1660243517.470308,61.5
1660243517.49039,63.5
1660243517.510305,61.7
1660243517.530391,62.8
1660243517.550208,61.5
1660243517.570207,63.4
1660243517.59022,62.6
1660243517.610204,61.0
1660243517.631146,63.4
1660243517.651146,62.8
1660243517.671121,62.2
1660243517.691148,62.0
1660243517.710132,62.4
1660243517.731145,63.3
1660243517.751364,62.8
1660243517.771021,63.0
1660243517.791019,66.4
1660243517.811045,63.7
1660243517.83104,63.7
1660243517.851051,62.9
1660243517.870957,63.1
1660243517.890951,62.6
1660243517.911022,62.7
1660243517.93095,63.3
1660243517.950925,63.3
1660243517.970949,63.4
1660243517.990968,63.1
1660243518.010925,63.8
1660243518.030972,78.0
1660243518.050817,71.8
1660243518.070823,61.1
1660243518.090824,71.7
1660243518.11082,72.6
1660243518.130818,60.4
1660243518.150739,59.2
1660243518.17074,64.0
1660243518.190736,63.3
1660243518.210716,63.0
1660243518.230716,62.8
1660243518.250725,61.4
1660243518.270753,63.6
1660243518.290783,63.8
1660243518.310723,62.4
1660243518.330712,63.0
1660243518.350615,60.7
1660243518.370642,63.7
1660243518.390624,63.6
1660243518.410643,65.2
1660243518.430617,61.9
1660243518.450625,62.6
1660243518.470624,61.5
1660243518.530662,62.4
1660243518.550554,62.2
1660243518.57058,64.7
1660243518.590546,62.2
1660243518.61054,62.3
1660243518.630539,62.2
1660243518.650546,63.8
1660243518.670451,61.5
1660243518.690403,62.9
1660243518.710447,63.1
1660243518.730471,62.9
1660243518.750347,62.7
1660243518.77043,61.5
1660243518.790353,63.8
1660243518.810347,63.3
1660243518.830343,61.3
1660243518.850435,63.3
1660243518.870442,63.1
1660243518.890409,62.7
1660243518.910407,62.3
1660243518.930257,62.7
1660243518.950268,62.3
1660243518.970261,65.2
1660243518.991268,62.5
1660243519.010264,63.0
1660243519.03016,63.1
1660243519.050173,62.5
1660243519.070145,63.8
1660243519.090152,62.9
1660243519.111064,64.3
1660243519.131102,63.0
1660243519.151045,62.9
1660243519.171072,63.5
1660243519.191066,63.7
1660243519.211066,63.7
1660243519.231064,63.7
1660243519.251068,63.3
1660243519.270965,64.3
1660243519.290996,66.1
1660243519.31098,63.0
1660243519.331002,79.4
1660243519.350968,90.2
1660243519.370996,64.6
1660243519.391004,56.1
1660243519.410978,63.7
1660243519.430989,63.3
1660243519.450988,62.6
1660243519.470984,62.3
1660243519.490879,62.3
1660243519.510927,63.1
1660243519.530898,63.7
1660243519.550883,63.7
1660243519.570868,63.8
1660243519.59089,74.6
1660243519.610892,80.1
1660243519.630886,60.7
1660243519.650882,57.3
1660243519.670865,64.1
1660243519.690813,64.1
1660243519.710882,63.4
1660243519.730818,63.0
1660243519.750873,62.9
1660243519.77079,62.7
1660243519.790776,62.5
1660243519.810774,62.2
1660243519.830814,63.1
1660243519.850718,63.2
1660243519.870691,63.6
1660243519.89068,63.8
1660243519.910671,62.8
1660243519.930711,63.0
1660243519.950694,61.1
1660243519.970684,62.2
1660243519.990687,63.4
1660243520.010605,62.3
1660243520.030558,63.7
1660243520.050603,63.0
1660243520.1106,63.0
1660243520.130503,63.2
1660243520.1505,61.9
1660243520.170536,61.3
1660243520.190502,63.4
1660243520.210502,64.2
1660243520.23042,62.4
1660243520.250403,61.8
1660243520.270476,62.4
1660243520.290491,63.6
1660243520.310464,63.0
1660243520.33032,61.8
1660243520.350297,63.4
1660243520.370296,63.2
1660243520.390307,62.6
1660243520.410325,62.1
1660243520.430303,63.8
1660243520.450326,62.7
1660243520.470314,63.2
1660243520.490215,62.3
1660243520.510219,63.1
1660243520.530218,62.3
1660243520.550199,63.2
1660243520.570222,63.1
1660243520.590234,62.2
1660243520.611116,63.1
1660243520.63112,63.4
1660243520.650108,61.2
1660243520.670203,63.2
1660243520.6901,62.2
1660243520.711158,62.7
1660243520.731145,63.2
1660243520.750117,63.2
1660243520.770124,61.4
1660243520.790128,63.8
1660243520.81113,61.1
1660243520.831048,64.7
1660243520.851026,64.8
1660243520.871055,64.6
1660243520.891032,62.1
1660243520.911051,62.9
1660243520.931062,62.6
1660243520.95105,63.2
1660243520.971027,61.2
1660243520.990922,63.8
1660243521.010946,62.8
1660243521.030924,65.1
1660243521.050976,64.0
1660243521.070951,62.7
1660243521.090953,64.3
1660243521.110859,63.3
1660243521.130933,62.6
1660243521.150832,62.9
1660243521.170827,61.4
1660243521.190829,63.2
1660243521.210856,62.7
1660243521.230856,63.1
1660243521.250831,64.0
1660243521.270836,62.2
1660243521.290735,62.6
1660243521.310756,63.5
1660243521.33085,61.7
1660243521.350771,63.3
1660243521.370761,62.4
1660243521.390764,63.5
1660243521.410742,62.7
1660243521.430651,63.1
1660243521.450671,63.1
1660243521.470655,63.0
1660243521.490659,63.1
1660243521.51068,61.7
1660243521.530679,63.2
1660243521.550673,61.3
1660243521.570651,65.2
1660243521.590646,63.4
1660243521.610572,62.6
1660243521.630564,62.3
1660243521.650565,63.3
1660243521.670516,61.6
1660243521.690544,63.2
1660243521.710522,63.4
1660243521.730468,62.9
1660243521.750544,63.3
1660243521.770469,63.1
1660243521.790541,63.3
1660243521.810517,61.6
1660243521.830423,63.4
1660243521.850365,63.1
1660243521.8704,62.7
1660243521.890361,63.8
1660243521.9106,62.7
1660243521.930385,63.0
1660243521.950296,61.3
1660243521.97026,63.8
1660243521.990285,62.5
1660243522.010282,62.8
1660243522.030308,63.0
1660243522.050306,62.6
1660243522.070268,63.2
1660243522.090277,63.7
1660243522.110287,63.4
1660243522.130268,62.8
1660243522.150182,61.6
1660243522.211213,62.9
1660243522.230162,62.3
1660243522.250078,62.5
1660243522.270079,62.9
1660243522.290103,62.1
1660243522.311078,62.4
1660243522.331125,62.8
1660243522.351067,62.3
1660243522.37009,62.5
1660243522.391093,63.5
1660243522.411024,62.0
1660243522.431086,62.2
1660243522.451089,61.9
1660243522.471018,63.9
1660243522.490995,61.1
1660243522.510979,62.9
1660243522.530986,61.7
1660243522.551,63.5
1660243522.571038,63.2
1660243522.59099,70.8
1660243522.611006,82.4
1660243522.630915,65.1
1660243522.650894,55.2
1660243522.670893,63.4
1660243522.690898,64.2
1660243522.710922,62.6
1660243522.730916,62.4
1660243522.7509,62.9
1660243522.770902,63.9
1660243522.790827,63.5
1660243522.8108,63.0
1660243522.830825,62.3
1660243522.850796,62.4
1660243522.870799,62.4
1660243522.890804,61.6
1660243522.910796,63.7
1660243522.930714,63.5
1660243522.950791,63.2
1660243522.97071,63.2
1660243522.990702,62.8
1660243523.010684,63.3
1660243523.030704,62.9
1660243523.050625,62.7
1660243523.070596,63.2
1660243523.090589,63.0
1660243523.110587,64.5
1660243523.130632,63.5
1660243523.15059,63.0
1660243523.170589,63.7
1660243523.190577,63.3
1660243523.210578,62.4
1660243523.230654,62.8
1660243523.2506,64.3
1660243523.270593,64.1
1660243523.29059,65.1
1660243523.310569,67.5
1660243523.330597,81.6
1660243523.350599,87.6
1660243523.370603,64.2
1660243523.390418,56.3
1660243523.410459,64.6
1660243523.43045,63.4
1660243523.450405,63.2
1660243523.470442,60.4
1660243523.490413,64.2
1660243523.510427,62.6
1660243523.530427,61.3
1660243523.550423,63.8
1660243523.570325,62.6
1660243523.590324,62.5
1660243523.610327,61.5
1660243523.630326,63.4
1660243523.65033,62.4
1660243523.67033,62.0
1660243523.690336,63.0
1660243523.71031,62.1
1660243523.730314,62.2
1660243523.750212,63.3
1660243523.770231,63.0
1660243523.790229,63.1
1660243523.810213,62.1
1660243523.830153,63.0
1660243523.850231,62.9
1660243523.870111,61.3
1660243523.890143,63.4
1660243523.910143,62.9
1660243523.930143,62.8
1660243523.950145,63.1
1660243523.97013,63.3
1660243523.99017,61.7
1660243524.010157,63.2
1660243524.031143,63.7
1660243524.051079,62.9
1660243524.070028,62.9
1660243524.090079,63.1
1660243524.110038,62.9
1660243524.131064,61.8
1660243524.15104,63.4
1660243524.171028,62.8
1660243524.191035,61.9
1660243524.210929,63.1
1660243524.230934,64.5
1660243524.250921,64.5
1660243524.270916,62.5
1660243524.290935,62.8
1660243524.310972,63.2
1660243524.330934,61.1
1660243524.350944,63.6
1660243524.370965,63.7
1660243524.390947,63.5
1660243524.410973,63.9
1660243524.431017,63.0
1660243524.451098,63.2
1660243524.470965,62.9
1660243524.490884,63.2
1660243524.510891,63.2
1660243524.530892,62.6
1660243524.550899,61.2
1660243524.57089,63.4
1660243524.590751,63.4
1660243524.610859,61.3
1660243524.630752,63.7
1660243524.650786,61.2
1660243524.670745,63.6
1660243524.690684,60.9
1660243524.710689,64.0
1660243524.730726,62.8
1660243524.750657,63.2
1660243524.770575,62.6
1660243524.790666,62.8
1660243524.81071,63.0
1660243524.830662,63.1
1660243524.850591,62.1
1660243524.870711,63.2
1660243524.890661,61.4
1660243524.91065,64.1
1660243524.930489,62.7
1660243524.95053,63.1
1660243524.970448,64.5
1660243524.990573,63.7
1660243525.010382,62.8
1660243525.030384,65.0
1660243525.050386,63.8
1660243525.070383,62.8
1660243525.090393,62.5
1660243525.110374,63.4
1660243525.130385,63.6
1660243525.150323,62.1
1660243525.170262,62.3
1660243525.190326,62.9
1660243525.210287,63.1
1660243525.230294,62.9
1660243525.250297,62.5
1660243525.270276,62.7
1660243525.290252,62.7
1660243525.310327,62.2
1660243525.330172,63.7
1660243525.350213,62.8
1660243525.370082,62.9
1660243525.390067,63.2
1660243525.410182,63.0
1660243525.430075,62.8
1660243525.450085,60.9
1660243525.470092,64.5
1660243525.490184,63.1
1660243525.511128,62.7
1660243525.531119,62.9
1660243525.550001,62.1
1660243525.570029,62.9
1660243525.590042,68.8
1660243525.611069,82.4
1660243525.630988,69.6
1660243525.651032,55.9
1660243525.671099,61.3
1660243525.690106,65.0
1660243525.710091,62.9
1660243525.731079,64.5
1660243525.751004,66.3
1660243525.77094,63.2
1660243525.790982,62.3
1660243525.810918,63.1
1660243525.830872,63.3
1660243525.850878,64.4
1660243525.870898,63.6
1660243525.890871,62.5
1660243525.91083,61.3
1660243525.930758,63.5
1660243525.950841,62.8
1660243525.970781,61.7
1660243525.990785,63.6
1660243526.010829,62.9
1660243526.030793,63.3
1660243526.050787,64.4
1660243526.070834,63.7
1660243526.090773,62.8
1660243526.11083,62.9
1660243526.130797,62.4
1660243526.150809,63.4
1660243526.170849,62.0
1660243526.19072,63.3
1660243526.210711,62.7
1660243526.230815,62.4
1660243526.250732,62.2
1660243526.270753,63.4
1660243526.290736,60.8
1660243526.310704,62.7
1660243526.330743,62.3
1660243526.350801,62.7
1660243526.370793,62.1
1660243526.390691,63.4
1660243526.410744,62.1
1660243526.430556,62.7
1660243526.450533,63.1
1660243526.470558,62.3
1660243526.490543,63.3
1660243526.510506,63.2
1660243526.53054,61.6
1660243526.550437,63.7
1660243526.570426,63.0
1660243526.590514,62.5
1660243526.610573,61.9
1660243526.630446,63.0
1660243526.650432,62.4
1660243526.670452,63.3
1660243526.690426,61.9
1660243526.710435,62.2
1660243526.730322,63.0
1660243526.750455,63.7
1660243526.770413,62.1
1660243526.790418,62.5
1660243526.810342,62.8
1660243526.830258,62.2
1660243526.850234,62.5
1660243526.870323,63.1
1660243526.890238,61.8
1660243526.910273,63.5
1660243526.93017,63.7
1660243526.950144,63.6
1660243526.97014,63.0
1660243526.990135,61.2
1660243527.010132,64.5
1660243527.030153,64.3
1660243527.050135,63.4
1660243527.070137,62.8
1660243527.090146,63.3
1660243527.110144,63.4
1660243527.130025,63.0
1660243527.150056,63.1
1660243527.170068,63.8
1660243527.190056,63.0
1660243527.209935,62.7
1660243527.230937,63.6
1660243527.250931,64.6
1660243527.27095,64.6
1660243527.290932,64.4
1660243527.309939,63.1
1660243527.330943,77.0
1660243527.350951,76.4
1660243527.370847,62.2
1660243527.390829,63.3
1660243527.41083,62.6
1660243527.430838,62.8
1660243527.450849,62.8
1660243527.470851,62.7
1660243527.490891,62.4
1660243527.510861,62.6
1660243527.530729,62.6
1660243527.550772,62.0
1660243527.57075,64.0
1660243527.590774,60.6
1660243527.610782,63.7
1660243527.630751,62.7
1660243527.650669,62.7
1660243527.670743,62.4
1660243527.690734,62.3
1660243527.710739,63.1
1660243527.730762,62.1
1660243527.750741,63.7
1660243527.770671,62.9
1660243527.790671,62.9
1660243527.810672,62.6
1660243527.830757,62.7
1660243527.850673,62.6
1660243527.87068,63.2
1660243527.890684,61.5
1660243527.910761,63.5
1660243527.930585,62.8
1660243527.950584,62.5
1660243527.970585,63.1
1660243527.990604,62.8
1660243528.010592,61.5
1660243528.030583,65.7
1660243528.050502,98.2
1660243528.070543,108.2
1660243528.090483,98.6
1660243528.110488,98.1
1660243528.130492,102.9
1660243528.150512,102.5
1660243528.170394,112.0
1660243528.190384,117.4
1660243528.210437,110.0
1660243528.230396,108.2
1660243528.250383,119.4
1660243528.270328,113.3
1660243528.290313,112.1
1660243528.310294,116.0
1660243528.330272,119.1
1660243528.350276,124.9
1660243528.370274,128.7
1660243528.390301,109.6
1660243528.410276,111.6
1660243528.430211,114.7
1660243528.450192,115.0
1660243528.470192,111.9
1660243528.49016,135.1
1660243528.510192,153.7
1660243528.530194,142.1
1660243528.550227,126.0
1660243528.570193,112.5
1660243528.59019,113.7
1660243528.610106,115.2
1660243528.630116,117.3
1660243528.650104,117.1
1660243528.670117,111.3
1660243528.690084,113.9
1660243528.709997,113.8
1660243528.730069,119.5
1660243528.750078,120.2
1660243528.770079,113.4
1660243528.789984,118.5
1660243528.809965,115.9
1660243528.829984,118.0
1660243528.851012,126.3
1660243528.869997,119.3
1660243528.889976,121.3
1660243528.91,125.1
1660243528.930904,115.6
1660243528.950895,110.5
1660243528.970949,120.8
1660243528.990921,121.0
1660243529.009874,121.7
1660243529.030891,123.4
1660243529.050884,124.0
1660243529.070893,133.5
1660243529.090888,135.9
1660243529.110797,136.1
1660243529.130814,140.2
1660243529.150811,142.9
1660243529.170832,139.6
1660243529.190806,151.4
1660243529.210708,136.2
1660243529.230703,127.8
1660243529.250799,127.1
1660243529.27077,133.6
1660243529.290706,129.9
1660243529.310616,141.4
1660243529.330608,124.2
1660243529.350629,121.4
1660243529.370651,137.5
1660243529.39065,134.9
1660243529.410625,128.4
1660243529.430626,123.2
1660243529.450615,126.9
1660243529.470523,124.3
1660243529.490525,130.8
1660243529.510525,123.7
1660243529.530554,125.3
1660243529.55058,133.2
1660243529.570471,143.0
1660243529.590806,127.3
1660243529.610414,132.1
1660243529.630472,131.0
1660243529.650346,123.1
1660243529.670424,131.3
1660243529.690366,137.7
1660243529.710321,138.4
1660243529.730357,130.6
1660243529.750223,135.9
1660243529.770302,136.2
1660243529.790227,136.7
1660243529.81025,129.1
1660243529.830233,131.0
1660243529.85012,131.2
1660243529.870159,127.1
1660243529.890153,139.4
1660243529.910127,142.6
1660243529.930043,143.6
1660243529.95002,142.0
1660243529.970099,136.3
1660243529.990029,117.2
1660243530.009938,117.3
1660243530.0301,134.1
1660243530.049948,137.8
1660243530.069915,127.8
1660243530.091005,121.9
1660243530.109939,123.7
1660243530.130902,129.2
1660243530.149975,116.5
1660243530.169852,119.3
1660243530.190914,129.3
1660243530.210862,131.2
1660243530.230832,131.1
1660243530.250829,132.4
1660243530.270837,124.9
1660243530.290841,127.5
1660243530.310836,125.5
1660243530.330902,125.9
1660243530.350939,125.8
1660243530.370709,124.0
1660243530.390693,123.8
1660243530.410662,128.1
1660243530.43069,145.7
1660243530.450687,142.6
1660243530.470672,136.3
1660243530.490726,131.3
1660243530.510669,116.3
1660243530.530686,114.7
1660243530.550669,118.7
1660243530.570685,118.8
1660243530.590684,118.1
1660243530.610695,117.8
1660243530.630668,117.3
1660243530.650652,117.9
1660243530.670646,123.4
1660243530.690591,131.7
1660243530.710574,145.5
1660243530.730569,143.9
1660243530.750599,156.4
1660243530.770484,149.3
1660243530.790624,141.3
1660243530.810491,142.2
1660243530.830505,159.9
1660243530.850499,163.9
1660243530.870498,144.2
1660243530.890485,149.3
1660243530.910474,158.0
1660243530.930404,141.7
1660243530.950566,151.2
1660243530.970399,153.5
1660243530.99037,140.4
1660243531.010474,144.0
1660243531.030382,137.9
1660243531.050395,126.7
1660243531.070379,123.7
1660243531.090462,120.9
1660243531.11037,131.7
1660243531.130376,134.3
1660243531.150655,129.0
1660243531.170305,123.2
1660243531.19031,131.2
1660243531.210274,130.8
1660243531.230303,138.6
1660243531.250279,156.9
1660243531.270278,197.5
1660243531.290255,136.2
1660243531.310277,148.9
1660243531.330201,163.2
1660243531.350176,153.6
1660243531.370157,160.8
1660243531.390214,149.3
1660243531.410208,134.7
1660243531.430223,135.5
1660243531.450202,153.3
1660243531.470113,165.1
1660243531.490084,150.8
1660243531.510094,153.9
1660243531.530072,161.8
1660243531.550075,153.7
1660243531.570064,155.8
1660243531.590078,152.6
1660243531.610083,160.3
1660243531.630061,168.3
1660243531.649958,153.4
1660243531.669976,159.0
1660243531.689994,161.7
1660243531.70998,155.1
1660243531.729902,161.5
1660243531.749887,161.6
1660243531.770854,154.3
1660243531.790876,161.7
1660243531.810899,160.8
1660243531.830878,156.2
1660243531.850856,158.4
1660243531.870878,159.2
1660243531.890857,155.9
1660243531.910969,156.4
1660243531.930864,156.5
1660243531.950884,147.0
1660243531.970806,147.5
1660243531.990742,157.4
1660243532.010729,157.8
1660243532.0307,155.8
1660243532.050742,157.9
1660243532.070719,160.1
1660243532.09072,155.4
1660243532.110743,158.5
1660243532.130721,159.2
1660243532.150751,157.2
1660243532.170706,155.9
1660243532.190643,154.1
1660243532.21072,156.8
1660243532.230628,157.1
1660243532.250629,152.4
1660243532.27063,153.0
1660243532.290632,149.7
1660243532.310625,156.7
1660243532.330622,157.5
1660243532.350536,156.6
1660243532.370538,162.1
1660243532.390528,155.5
1660243532.410519,155.6
1660243532.4305,156.4
1660243532.450516,156.3
1660243532.470517,156.0
1660243532.4905,145.5
1660243532.510513,153.3
1660243532.530429,162.9
1660243532.550434,157.6
1660243532.570415,191.5
1660243532.590434,136.5
1660243532.61044,144.1
1660243532.63042,150.1
1660243532.65073,143.8
1660243532.670366,148.7
1660243532.690398,140.2
1660243532.710322,143.0
1660243532.730343,153.9
1660243532.75032,147.1
1660243532.770305,150.3
1660243532.790346,140.1
1660243532.810301,135.5
1660243532.830239,131.0
1660243532.850202,130.8
1660243532.870244,141.0
1660243532.890246,150.4
1660243532.910204,150.8
1660243532.930219,150.4
1660243532.950225,154.1
1660243532.970204,157.6
1660243532.9901,157.9
1660243533.010112,152.1
1660243533.030132,163.5
1660243533.050133,160.8
1660243533.07013,147.1
1660243533.090128,135.5
1660243533.110151,138.6
1660243533.130027,146.2
1660243533.150038,149.7
1660243533.170045,139.5
1660243533.190038,136.2
1660243533.210044,142.4
1660243533.230043,156.9
1660243533.250054,194.3
1660243533.270035,110.4
1660243533.290033,114.1
1660243533.309936,138.4
1660243533.330938,145.4
1660243533.350934,148.4
1660243533.369962,122.9
1660243533.389857,132.5
1660243533.410861,144.6
1660243533.43092,135.6
1660243533.449865,124.6
1660243533.469939,126.0
1660243533.489944,129.4
1660243533.510795,119.4
1660243533.5308,125.2
1660243533.550796,118.4
1660243533.570774,117.5
1660243533.590794,115.9
1660243533.610802,111.9
1660243533.63073,118.3
1660243533.650793,114.4
1660243533.6707,122.8
1660243533.690676,122.0
1660243533.710698,121.7
1660243533.730684,120.7
1660243533.750673,124.7
1660243533.7707,120.9
1660243533.790678,126.9
1660243533.810597,130.1
1660243533.830674,133.7
1660243533.850598,130.0
1660243533.870578,121.6
1660243533.89061,131.0
1660243533.910621,128.0
1660243533.930575,129.8
1660243533.950575,136.1
1660243533.970607,138.7
1660243533.990605,134.3
1660243534.010612,137.0
1660243534.030604,131.7
1660243534.050605,132.8
1660243534.070577,130.7
1660243534.09051,124.9
1660243534.110502,99.3
1660243534.130513,87.9
1660243534.150487,95.8
1660243534.170502,108.7
1660243534.190477,112.9
1660243534.21048,104.5
1660243534.230405,93.2
1660243534.250413,95.6
1660243534.270386,106.9
1660243534.290392,102.1
1660243534.31031,100.6
1660243534.330279,101.2
1660243534.350282,102.1
1660243534.370282,101.1
1660243534.390288,93.8
1660243534.41028,102.9
1660243534.430213,110.3
1660243534.450177,108.7
1660243534.470172,102.9
1660243534.490178,108.3
1660243534.51018,109.0
1660243534.53018,113.8
1660243534.550185,119.5
1660243534.570184,119.6
1660243534.590182,113.5
1660243534.610105,120.9
1660243534.630115,125.3
1660243534.650103,130.2
1660243534.670078,128.3
1660243534.69008,111.6
1660243534.710107,119.6
1660243534.730114,107.1
1660243534.750161,116.0
1660243534.770085,138.7
1660243534.790087,147.2
1660243534.810086,155.6
1660243534.83011,145.5
1660243534.850127,133.2
1660243534.870118,130.1
1660243534.890095,129.3
1660243534.910004,130.0
1660243534.93001,153.3
1660243534.949998,154.6
1660243534.970011,142.2
1660243534.990016,191.6
1660243535.009993,190.2
1660243535.029987,108.3
1660243535.050001,120.0
1660243535.070016,146.9
1660243535.089996,136.1
1660243535.109998,133.3
1660243535.130016,149.7
1660243535.149985,120.3
1660243535.170004,136.0
1660243535.190001,137.5
1660243535.209918,139.6
1660243535.229833,143.3
1660243535.249826,143.8
1660243535.269872,141.4
1660243535.289876,136.6
1660243535.309858,153.8
1660243535.330885,149.1
1660243535.350823,143.2
1660243535.37084,143.3
1660243535.389822,139.8
1660243535.409736,134.0
1660243535.430727,143.9
1660243535.450712,148.8
1660243535.470798,148.6
1660243535.49075,151.3
1660243535.510722,159.7
1660243535.530637,154.7
1660243535.550674,130.9
1660243535.570643,128.8
1660243535.590632,124.3
1660243535.610636,126.4
1660243535.63064,129.0
1660243535.650642,118.3
1660243535.670635,123.8
1660243535.690642,146.6
1660243535.710623,135.7
1660243535.730636,138.4
1660243535.750528,142.0
1660243535.770538,128.8
1660243535.790551,140.5
1660243535.810547,156.0
1660243535.830537,139.6
1660243535.850539,116.1
1660243535.870525,128.2
1660243535.890541,136.3
1660243535.910538,129.4
1660243535.930546,121.0
1660243535.950448,122.0
1660243535.970451,157.5
1660243535.99044,220.8
1660243536.010449,136.1
1660243536.030455,104.6
1660243536.050463,135.8
1660243536.070456,140.9
1660243536.09044,124.2
1660243536.11036,120.2
1660243536.130355,124.9
1660243536.150326,126.0
1660243536.170343,143.1
1660243536.190329,134.1
1660243536.210355,118.3
1660243536.230334,126.7
1660243536.250332,124.2
1660243536.270276,124.4
1660243536.290268,129.6
1660243536.310266,133.7
1660243536.330257,144.3
1660243536.350247,134.3
1660243536.370254,128.9
1660243536.390253,125.8
1660243536.410247,131.0
1660243536.430148,124.9
1660243536.450144,111.5
1660243536.470128,118.7
1660243536.49013,126.2
1660243536.510164,123.0
1660243536.530149,119.2
1660243536.550165,144.0
1660243536.570066,144.9
1660243536.59005,132.3
1660243536.610073,116.0
1660243536.63005,109.9
1660243536.650052,125.8
1660243536.670055,112.3
1660243536.690059,112.1
1660243536.709929,113.6
1660243536.730054,110.1
1660243536.750076,113.0
1660243536.769919,97.4
1660243536.789914,104.4
1660243536.809888,108.8
1660243536.829911,109.2
1660243536.849893,114.6
1660243536.86989,118.2
1660243536.889917,115.1
1660243536.909886,113.8
1660243536.929894,113.0
1660243536.949787,118.2
1660243536.969791,121.7
1660243536.989818,130.7
1660243537.009796,117.6
1660243537.030793,108.1
1660243537.04983,113.3
1660243537.069794,113.1
1660243537.089822,123.5
1660243537.109693,163.7
1660243537.130679,153.9
1660243537.150688,125.5
1660243537.170697,109.4
1660243537.190683,116.3
1660243537.21064,117.3
1660243537.230581,118.1
1660243537.25058,119.2
1660243537.270617,109.7
1660243537.290626,116.5
1660243537.310592,113.8
1660243537.330604,126.5
1660243537.350519,113.4
1660243537.37054,111.7
1660243537.390523,118.2
1660243537.410516,112.9
1660243537.430497,123.1
1660243537.450525,123.2
1660243537.470421,116.9
1660243537.490421,125.7
1660243537.510406,120.6
1660243537.530397,106.0
1660243537.550505,118.4
1660243537.570422,127.3
1660243537.590386,136.3
1660243537.610398,133.0
1660243537.630417,129.8
1660243537.650405,134.7
1660243537.670403,138.6
1660243537.690442,131.1
1660243537.710426,134.6
1660243537.730398,142.9
1660243537.750428,149.4
1660243537.770409,135.3
1660243537.790319,125.0
1660243537.810322,126.5
1660243537.830309,125.7
1660243537.850299,118.0
1660243537.870302,115.7
1660243537.89029,112.7
1660243537.910317,121.2
1660243537.930204,112.7
1660243537.950222,112.1
1660243537.970226,111.5
1660243537.990243,119.1
1660243538.010202,117.3
1660243538.03024,102.6
1660243538.050082,106.5
1660243538.070098,151.0
1660243538.090083,113.7
1660243538.110126,115.7
1660243538.130095,123.9
1660243538.150127,131.3
1660243538.170134,122.2
1660243538.190031,126.0
1660243538.210119,122.4
1660243538.230029,132.5
1660243538.249949,142.2
1660243538.269951,142.2
1660243538.289967,127.8
1660243538.309965,124.1
1660243538.329943,130.8
1660243538.349951,138.8
1660243538.369839,125.9
1660243538.389927,132.0
1660243538.409899,142.1
1660243538.429882,135.5
1660243538.449846,128.8
1660243538.469849,132.0
1660243538.489844,139.6
1660243538.509827,153.5
1660243538.529847,156.6
1660243538.549836,151.6
1660243538.569744,145.5
1660243538.589741,135.7
1660243538.609775,130.4
1660243538.630748,125.8
1660243538.650747,152.9
1660243538.670745,129.4
1660243538.690625,126.9
1660243538.710666,138.5
1660243538.729654,113.6
1660243538.750692,107.2
1660243538.770639,111.3
1660243538.790655,132.1
1660243538.81068,143.1
1660243538.830667,137.0
1660243538.85066,138.6
1660243538.870578,146.9
1660243538.890658,127.3
1660243538.910695,129.6
1660243538.930558,126.3
1660243538.950567,122.1
1660243538.970591,131.6
1660243538.990623,134.9
1660243539.010588,129.9
1660243539.030631,130.1
1660243539.050452,120.0
1660243539.070472,116.9
1660243539.090466,106.4
1660243539.110466,107.8
1660243539.130477,121.7
1660243539.150453,115.8
1660243539.170458,91.9
1660243539.190372,93.5
1660243539.210365,100.5
1660243539.230347,96.8
1660243539.250338,105.3
1660243539.270348,110.4
1660243539.290331,106.9
1660243539.310346,105.4
1660243539.330242,103.3
1660243539.350247,108.0
1660243539.370236,107.3
1660243539.390233,70.1
1660243539.410232,100.8
1660243539.430247,144.6
1660243539.450252,143.0
1660243539.47016,130.7
1660243539.490132,140.5
1660243539.510128,159.4
1660243539.530126,148.2
1660243539.550142,135.0
1660243539.570196,131.2
1660243539.590128,131.1
1660243539.610154,133.9
1660243539.630197,144.7
1660243539.65016,134.4
1660243539.670134,135.4
1660243539.69014,155.9
1660243539.71018,133.0
1660243539.730165,135.8
1660243539.750013,137.9
1660243539.77003,145.1
1660243539.790017,152.1
1660243539.810063,160.7
1660243539.830054,134.5
1660243539.850014,136.7
1660243539.870013,131.8
1660243539.88999,130.1
1660243539.909915,130.7
1660243539.929938,131.8
1660243539.949908,131.7
1660243539.96989,139.1
1660243539.989886,141.9
1660243540.009892,123.9
1660243540.029965,131.4
1660243540.049886,135.4
1660243540.069783,142.3
1660243540.089816,145.5
1660243540.109802,160.9
1660243540.129799,161.8
1660243540.149819,148.3
1660243540.169709,155.5
1660243540.189711,150.1
1660243540.209715,153.6
1660243540.230695,147.9
1660243540.250673,148.0
1660243540.269692,151.6
1660243540.289691,162.4
1660243540.309687,151.8
1660243540.32969,157.8
1660243540.35069,148.3
1660243540.37069,157.1
1660243540.390641,156.6
1660243540.409598,152.3
1660243540.429624,164.7
1660243540.450581,162.5
1660243540.47063,202.1
1660243540.4906,185.8
1660243540.510586,144.3
1660243540.530501,158.3
1660243540.550559,159.5
1660243540.570486,161.3
1660243540.59049,161.3
1660243540.610413,154.3
1660243540.630385,163.3
1660243540.650437,156.9
1660243540.670385,157.1
1660243540.690408,162.8
1660243540.710381,157.7
1660243540.730388,158.2
1660243540.750304,161.3
1660243540.770397,155.8
1660243540.790309,155.3
1660243540.810298,149.8
1660243540.830332,148.7
1660243540.850347,156.6
1660243540.87037,158.1
1660243540.890244,155.7
1660243540.910248,159.3
1660243540.930183,160.6
1660243540.95023,156.5
1660243540.970373,161.5
1660243540.990181,159.3
1660243541.010186,153.8
1660243541.030171,146.8
1660243541.050125,155.4
1660243541.070059,162.6
1660243541.090067,154.5
1660243541.11004,154.6
1660243541.130081,156.8
1660243541.150036,155.8
1660243541.170048,157.8
1660243541.190112,159.2
1660243541.210101,162.8
1660243541.230053,156.5
1660243541.250197,157.2
1660243541.27009,158.0
1660243541.290065,159.5
1660243541.310135,153.9
1660243541.330054,155.5
1660243541.349957,157.9
1660243541.37002,156.9
1660243541.389996,156.7
1660243541.409983,142.7
1660243541.429976,141.8
1660243541.450053,153.8
1660243541.470034,140.4
1660243541.489882,145.8
1660243541.509903,144.8
1660243541.529908,147.9
1660243541.549876,152.1
1660243541.569785,149.1
1660243541.589877,134.0
1660243541.609764,137.5
1660243541.629769,139.3
1660243541.649977,131.7
1660243541.669743,151.5
1660243541.68991,155.0
1660243541.709746,150.1
1660243541.730746,143.6
1660243541.749758,177.1
1660243541.769696,145.8
1660243541.789652,146.1
1660243541.809732,153.4
1660243541.830658,157.9
1660243541.850669,160.9
1660243541.870765,165.7
1660243541.890651,149.8
1660243541.909551,141.6
1660243541.929601,143.8
1660243541.950575,147.9
1660243541.970655,143.2
1660243541.990543,143.0
1660243542.010552,141.6
1660243542.03053,128.8
1660243542.050577,124.4
1660243542.070453,127.1
1660243542.090506,132.6
1660243542.110475,133.2
1660243542.130464,127.6
1660243542.150443,126.2
1660243542.170486,138.7
1660243542.190461,131.5
1660243542.210592,124.0
1660243542.230451,128.9
1660243542.250369,124.1
1660243542.270398,118.0
1660243542.290373,115.4
1660243542.310358,124.9
1660243542.330361,128.7
1660243542.350276,118.4
1660243542.370256,117.5
1660243542.390259,122.1
1660243542.410251,127.4
1660243542.430232,139.4
1660243542.450234,134.6
1660243542.470262,129.9
1660243542.49024,134.1
1660243542.510236,137.2
1660243542.530112,135.1
1660243542.550081,129.1
1660243542.570253,136.3
1660243542.590073,137.5
1660243542.610119,131.3
1660243542.63011,136.1
1660243542.650088,133.4
1660243542.670073,130.9
1660243542.69001,137.4
1660243542.71001,132.2
1660243542.730011,139.7
1660243542.750057,147.0
1660243542.769907,141.5
1660243542.789903,128.1
1660243542.809918,125.9
1660243542.829894,123.4
1660243542.849902,121.8
1660243542.869782,132.9
1660243542.889895,130.1
1660243542.909888,112.7
1660243542.92991,113.2
1660243542.949805,118.3
1660243542.969876,117.5
1660243542.989828,117.6
1660243543.009782,115.0
1660243543.029784,118.3
1660243543.049768,116.3
1660243543.069791,120.8
1660243543.089683,152.8
1660243543.109665,131.0
1660243543.129716,114.0
1660243543.149685,121.2
1660243543.170681,131.2
1660243543.189694,135.3
1660243543.209712,132.1
1660243543.23058,116.9
1660243543.250582,116.7
1660243543.269584,117.3
1660243543.289586,126.6
1660243543.309588,124.0
1660243543.330583,114.7
1660243543.35059,123.3
1660243543.370512,122.1
1660243543.390501,124.5
1660243543.410468,118.8
1660243543.430517,126.1
1660243543.450489,134.2
1660243543.470496,135.2
1660243543.49049,137.0
1660243543.510383,123.7
1660243543.530396,124.3
1660243543.550393,120.1
1660243543.570365,125.6
1660243543.590388,130.7
1660243543.610373,131.3
1660243543.630391,170.4
1660243543.650388,170.0
1660243543.670446,121.1
1660243543.690394,114.7
1660243543.710405,141.7
1660243543.73039,129.3
1660243543.750387,132.3
1660243543.770391,143.3
1660243543.790302,135.2
1660243543.810306,143.8
1660243543.830289,143.3
1660243543.850287,123.4
1660243543.870308,123.6
1660243543.890293,123.1
1660243543.91031,126.7
1660243543.93029,130.3
1660243543.950293,123.2
1660243543.9703,131.2
1660243543.990315,133.5
1660243544.010295,133.0
1660243544.030295,122.9
1660243544.050172,122.9
1660243544.070168,123.7
1660243544.09017,115.1
1660243544.110149,111.5
1660243544.130138,113.4
1660243544.150158,122.9
1660243544.170068,129.4
1660243544.190148,130.0
1660243544.210039,121.1
1660243544.230042,122.1
1660243544.250071,125.4
1660243544.270047,127.0
1660243544.290058,123.4
1660243544.310067,124.9
1660243544.330071,132.8
1660243544.349952,125.2
1660243544.369938,128.1
1660243544.389962,132.4
1660243544.409963,136.4
1660243544.429963,128.9
1660243544.44996,130.2
1660243544.46997,145.0
1660243544.489964,148.0
1660243544.509951,156.2
1660243544.529906,159.8
1660243544.549855,153.5
1660243544.56984,153.6
1660243544.589839,156.0
1660243544.609841,168.0
1660243544.629881,160.7
1660243544.649841,153.1
1660243544.669845,137.8
1660243544.689844,140.5
1660243544.709801,144.5
1660243544.72976,145.8
1660243544.749797,149.7
1660243544.769741,154.0
1660243544.78967,146.4
1660243544.810652,134.9
1660243544.82966,151.2
1660243544.849642,156.0
1660243544.869636,148.5
1660243544.889561,151.2
1660243544.91054,164.3
1660243544.930538,157.2
1660243544.950541,158.1
1660243544.969587,158.7
1660243544.989554,153.9
1660243545.009598,153.8
1660243545.030569,153.4
1660243545.05054,155.4
1660243545.070558,156.0
1660243545.090557,155.8
1660243545.109561,156.2
1660243545.130542,157.0
1660243545.150455,161.5
1660243545.170462,157.9
1660243545.190439,163.6
1660243545.210472,155.1
1660243545.23044,153.6
1660243545.250468,158.3
1660243545.270392,159.1
1660243545.290336,156.7
1660243545.310359,153.5
1660243545.330335,154.0
1660243545.350363,160.6
1660243545.370342,151.4
1660243545.390341,149.0
1660243545.410302,157.2
1660243545.430379,156.6
1660243545.450339,141.1
1660243545.470218,141.4
1660243545.490208,133.5
1660243545.51019,119.3
1660243545.530377,124.7
1660243545.550206,124.7
1660243545.570197,124.4
1660243545.59022,129.2
1660243545.610143,131.5
1660243545.630092,145.4
1660243545.650072,149.1
1660243545.670093,140.5
1660243545.690119,137.2
1660243545.710101,153.1
1660243545.73,158.7
1660243545.750001,144.1
1660243545.770019,140.7
1660243545.790079,140.8
1660243545.809981,148.6
1660243545.830022,158.5
1660243545.849981,151.6
1660243545.869894,133.1
1660243545.889898,128.0
1660243545.909908,148.9
1660243545.929923,140.8
1660243545.949897,125.9
1660243545.969898,132.3
1660243545.989884,148.3
1660243546.009801,133.7
1660243546.0298,130.5
1660243546.049807,141.2
1660243546.069848,156.7
1660243546.089791,160.5
1660243546.109815,158.2
1660243546.129784,139.4
1660243546.149789,138.2
1660243546.16973,128.7
1660243546.189786,111.9
1660243546.20974,113.7
1660243546.22969,107.8
1660243546.249708,116.6
1660243546.269733,127.9
1660243546.289716,137.5
1660243546.309755,133.6
1660243546.329688,136.9
1660243546.3496,149.4
1660243546.369597,137.5
1660243546.389624,118.4
1660243546.409632,116.0
1660243546.430624,109.3
1660243546.450627,103.2
1660243546.469589,112.8
1660243546.489553,130.2
1660243546.509608,124.1
1660243546.530611,133.5
1660243546.550556,132.7
1660243546.570503,160.3
1660243546.589508,140.3
1660243546.60953,106.6
1660243546.630538,101.1
1660243546.650411,120.7
1660243546.67054,136.5
1660243546.690503,118.3
1660243546.710498,123.2
1660243546.729414,122.1
1660243546.750386,120.8
1660243546.770423,123.1
1660243546.79043,130.3
1660243546.81048,142.7
1660243546.8304,148.6
1660243546.850429,127.1
1660243546.870462,143.5
1660243546.890425,139.4
1660243546.910431,127.9
1660243546.930406,136.3
1660243546.950416,133.5
1660243546.970361,142.8
1660243546.990409,167.0
1660243547.010228,164.5
1660243547.030228,132.9
1660243547.050227,130.4
1660243547.070271,140.7
1660243547.090239,134.1
1660243547.110254,132.1
1660243547.130237,127.9
1660243547.150169,125.1
1660243547.170168,127.6
1660243547.190131,113.9
1660243547.210177,100.9
1660243547.230148,108.3
1660243547.250169,110.6
1660243547.270172,106.8
1660243547.290145,113.0
1660243547.310154,114.9
1660243547.330132,106.5
1660243547.350151,107.3
1660243547.370155,107.8
1660243547.390081,107.6
1660243547.410049,109.0
1660243547.430061,106.9
1660243547.450084,109.8
1660243547.470088,107.1
1660243547.490085,109.6
1660243547.510064,106.9
1660243547.530102,118.8
1660243547.550082,110.4
1660243547.570056,105.2
1660243547.589977,107.7
1660243547.609981,111.1
1660243547.629982,106.2
1660243547.64998,110.2
1660243547.669976,106.9
1660243547.689953,109.1
1660243547.71,107.9
1660243547.729957,108.9
1660243547.749982,112.9
1660243547.769965,129.9
1660243547.789963,103.1
1660243547.809972,105.7
1660243547.829876,109.7
1660243547.849923,108.9
1660243547.869908,109.6
1660243547.889881,109.1
1660243547.90988,109.1
1660243547.929826,108.5
1660243547.949835,108.5
1660243547.969763,109.9
1660243547.989777,106.3
1660243548.009777,106.8
1660243548.029765,107.7
1660243548.049764,106.6
1660243548.069751,110.3
1660243548.089758,106.4
1660243548.109694,108.0
1660243548.129682,106.3
1660243548.149695,109.2
1660243548.169584,105.8
1660243548.189617,106.6
1660243548.209587,106.7
1660243548.229579,106.9
1660243548.249598,119.0
1660243548.269572,123.7
1660243548.289557,102.2
1660243548.30957,106.0
1660243548.33047,109.7
1660243548.350474,108.5
1660243548.370469,108.7
1660243548.39045,107.9
1660243548.410458,108.4
1660243548.430516,108.0
1660243548.450466,108.2
1660243548.470447,110.7
1660243548.4905,126.0
1660243548.510317,110.9
1660243548.530351,101.2
1660243548.550302,106.3
1660243548.570334,106.3
1660243548.59041,104.4
1660243548.610325,106.2
1660243548.630214,105.3
1660243548.65022,104.8
1660243548.670302,105.7
1660243548.690186,105.6
1660243548.71025,105.1
1660243548.730231,105.9
1660243548.750209,106.0
1660243548.7702,106.1
1660243548.79026,105.4
1660243548.810207,106.3
1660243548.830218,103.5
1660243548.850209,106.7
1660243548.870198,105.7
1660243548.890174,105.0
1660243548.910111,105.8
1660243548.930126,105.7
1660243548.950209,106.3
1660243548.970152,104.5
1660243548.990141,107.0
1660243549.010029,106.2
1660243549.030033,105.3
1660243549.050104,105.8
1660243549.070058,111.9
1660243549.089977,93.4
1660243549.110046,163.2
1660243549.129986,173.1
1660243549.150008,159.3
1660243549.169984,158.8
1660243549.189989,154.7
1660243549.21002,147.0
1660243549.230022,149.3
1660243549.250014,140.9
1660243549.26992,142.6
1660243549.28991,140.3
1660243549.30992,122.9
1660243549.329914,126.8
1660243549.349902,134.4
1660243549.369916,114.5
1660243549.389919,111.7
1660243549.409919,120.9
1660243549.429836,123.3
1660243549.449904,116.5
1660243549.469843,116.5
1660243549.48985,118.1
1660243549.509824,121.4
1660243549.529814,122.7
1660243549.5498,119.0
1660243549.569737,117.8
1660243549.589701,121.8
1660243549.609821,116.8
1660243549.629752,117.8
1660243549.649696,117.6
1660243549.669728,120.5
1660243549.689737,136.3
1660243549.709611,124.0
1660243549.729614,119.7
1660243549.749635,112.1
1660243549.769727,113.7
1660243549.78964,115.6
1660243549.809604,115.0
1660243549.829607,112.8
1660243549.849682,115.0
1660243549.869512,117.9
1660243549.890548,116.1
1660243549.910552,117.7
1660243549.929529,116.4
1660243549.950536,116.6
1660243549.97051,117.1
1660243549.990546,108.7
1660243550.010546,100.8
1660243550.029517,106.3
1660243550.05055,106.9
1660243550.070541,106.3
1660243550.090538,107.5
1660243550.11051,110.0
1660243550.130508,106.5
1660243550.150468,106.5
1660243550.170443,108.0
1660243550.190525,108.6
1660243550.210523,109.1
1660243550.230548,106.2
1660243550.250472,106.6
1660243550.270377,106.7
1660243550.29035,106.8
1660243550.310348,108.9
1660243550.330364,106.1
1660243550.349362,107.9
1660243550.370349,107.3
1660243550.390399,107.1
1660243550.410392,107.6
1660243550.430403,106.9
1660243550.450369,108.3
1660243550.47036,106.3
1660243550.490274,108.0
1660243550.510312,106.5
1660243550.530242,107.7
1660243550.55029,108.4
1660243550.570256,107.2
1660243550.590298,107.9
1660243550.610256,106.9
1660243550.630158,107.8
1660243550.650157,107.2
1660243550.670171,106.8
1660243550.690166,107.6
1660243550.71006,107.2
1660243550.730058,106.7
1660243550.750072,108.4
1660243550.770066,106.1
1660243550.79006,107.7
1660243550.810046,107.6
1660243550.830041,107.5
1660243550.849957,107.7
1660243550.869959,107.3
1660243550.889978,106.4
1660243550.909976,107.8
1660243550.929962,106.5
1660243550.949957,110.7
1660243550.969957,105.6
1660243550.989963,106.4
1660243551.00986,106.9
1660243551.02986,107.1
1660243551.04994,107.0
1660243551.069893,108.8
1660243551.089884,106.4
1660243551.109929,107.3
1660243551.129872,108.0
1660243551.1498,107.0
1660243551.169787,106.7
1660243551.189802,106.6
1660243551.209798,107.3
1660243551.229765,106.9
1660243551.249764,107.0
1660243551.269797,107.1
1660243551.289694,106.3
1660243551.30978,106.6
1660243551.329674,109.9
1660243551.349662,107.7
1660243551.369786,107.4
1660243551.389662,106.6
1660243551.409672,106.8
1660243551.429551,106.3
1660243551.44956,106.4
1660243551.469553,106.4
1660243551.489549,106.3
1660243551.509549,106.9
1660243551.529484,107.0
1660243551.550587,107.4
1660243551.569568,106.6
1660243551.589588,107.1
1660243551.609538,106.7
1660243551.629574,106.6
1660243551.6506,106.6
1660243551.669389,106.8
1660243551.690425,110.6
1660243551.709402,105.0
1660243551.729419,106.8
1660243551.750408,106.8
1660243551.770405,109.2
1660243551.790302,106.3
1660243551.810335,107.1
1660243551.830327,107.9
1660243551.85025,106.9
1660243551.870304,107.9
1660243551.890224,106.7
1660243551.910216,107.8
1660243551.930298,106.6
1660243551.95023,108.1
1660243551.9702,107.1
1660243551.990214,107.8
1660243552.0102,106.7
1660243552.030225,107.4
1660243552.050218,108.0
1660243552.070231,106.6
1660243552.09023,106.6
1660243552.110096,107.0
1660243552.13013,106.7
1660243552.150087,107.6
1660243552.170102,107.1
1660243552.190098,106.6
1660243552.21011,108.0
1660243552.230146,106.4
1660243552.250127,108.3
1660243552.270101,106.2
1660243552.290096,106.9
1660243552.310013,107.3
1660243552.330014,106.3
1660243552.350031,107.0
1660243552.370047,107.1
1660243552.390028,107.4
1660243552.409905,110.3
1660243552.429895,105.9
1660243552.449927,106.9
1660243552.469979,106.6
1660243552.489916,106.7
1660243552.50989,106.6
1660243552.529845,106.8
1660243552.549808,106.9
1660243552.569808,107.0
1660243552.589818,107.0
1660243552.609839,110.1
1660243552.629704,107.6
1660243552.649757,107.5
1660243552.669712,107.3
1660243552.689706,108.1
1660243552.709755,106.3
1660243552.72971,106.5
1660243552.749718,107.0
1660243552.769736,109.4
1660243552.789629,107.4
1660243552.809632,106.9
1660243552.829613,106.8
1660243552.849654,107.2
1660243552.869638,107.4
1660243552.889699,106.3
1660243552.909626,106.6
1660243552.9296,106.8
1660243552.949612,107.3
1660243552.969611,108.6
1660243552.989603,107.6
1660243553.009608,107.3
1660243553.029609,107.0
1660243553.049459,108.3
1660243553.069462,106.3
1660243553.089478,109.1
1660243553.109465,106.3
1660243553.129463,107.7
1660243553.149466,106.4
1660243553.169461,107.4
1660243553.189483,107.8
1660243553.209453,108.3
1660243553.22946,106.5
1660243553.250445,107.3
1660243553.26947,107.7
1660243553.289358,105.6
1660243553.30937,106.9
1660243553.329411,108.7
1660243553.350355,127.4
1660243553.370389,128.7
1660243553.390354,120.7
1660243553.410356,135.6
1660243553.430348,135.4
1660243553.449255,134.3
1660243553.47024,151.7
1660243553.490274,129.4
1660243553.510278,129.1
1660243553.530309,128.5
1660243553.55029,123.7
1660243553.570252,137.0
1660243553.590265,147.0
1660243553.610262,144.5
1660243553.63027,128.4
1660243553.650252,140.4
1660243553.670307,136.4
1660243553.690263,130.4
1660243553.710263,131.5
1660243553.730267,113.9
1660243553.750179,112.3
1660243553.770271,118.4
1660243553.790255,117.8
1660243553.810258,117.2
1660243553.870175,110.5
1660243553.890199,104.5
1660243553.910177,105.8
1660243553.93009,106.6
1660243553.950067,106.1
1660243553.970112,106.5
1660243553.990079,106.7
1660243554.010079,106.9
1660243554.030079,107.6
1660243554.050079,107.3
1660243554.070061,106.6
1660243554.089982,107.4
1660243554.109968,109.0
1660243554.129967,106.5
1660243554.149954,110.7
1660243554.169971,107.8
1660243554.189967,107.1
1660243554.209968,110.0
1660243554.22997,112.6
1660243554.24997,106.8
1660243554.269952,106.6
1660243554.289867,107.4
1660243554.309851,109.3
1660243554.329867,107.2
1660243554.349864,105.8
1660243554.36987,106.8
1660243554.389858,107.2
1660243554.40987,122.0
1660243554.429868,130.7
1660243554.449863,117.9
1660243554.46986,125.2
1660243554.489858,124.6
1660243554.50989,156.6
1660243554.529879,162.8
1660243554.549884,143.6
1660243554.569833,148.7
1660243554.589796,151.8
1660243554.609762,128.0
1660243554.629784,129.0
1660243554.649793,131.3
1660243554.669762,124.9
1660243554.689779,113.8
1660243554.70969,122.9
1660243554.729706,128.6
1660243554.749662,133.4
1660243554.769692,139.8
1660243554.789661,108.5
1660243554.809669,112.8
1660243554.829687,118.7
1660243554.849683,115.7
1660243554.869691,115.4
1660243554.889668,117.1
1660243554.909605,114.7
1660243554.92969,115.5
1660243554.94952,116.8
1660243554.969522,115.0
1660243554.989497,116.4
1660243555.009523,116.3
1660243555.029523,115.7
1660243555.049552,116.3
1660243555.069508,115.3
1660243555.089531,114.9
1660243555.109508,117.8
1660243555.129442,113.9
1660243555.149433,116.7
1660243555.169466,117.4
1660243555.189418,116.8
1660243555.209434,118.8
1660243555.229413,118.3
1660243555.249351,118.2
1660243555.270326,117.9
1660243555.290331,131.1
1660243555.310327,153.6
1660243555.329327,127.0
1660243555.349316,139.6
1660243555.370322,174.6
1660243555.39031,166.0
1660243555.410214,152.2
1660243555.430237,146.7
1660243555.450235,148.8
1660243555.470255,143.5
1660243555.490257,129.1
1660243555.510137,146.2
1660243555.530134,149.8
1660243555.550138,143.7
1660243555.570119,144.3
1660243555.590159,144.2
1660243555.610134,143.2
1660243555.630151,135.1
1660243555.650077,130.7
1660243555.670164,130.4
1660243555.690119,121.3
1660243555.710055,119.1
1660243555.73005,133.2
1660243555.750068,139.4
1660243555.770036,138.1
1660243555.790029,135.8
1660243555.810015,155.6
1660243555.830051,163.1
1660243555.85004,160.1
1660243555.870041,146.7
1660243555.889972,149.7
1660243555.910054,144.7
1660243555.929933,135.8
1660243555.94994,140.2
1660243555.969941,136.9
1660243555.989962,143.7
1660243556.009935,133.7
1660243556.029842,136.1
1660243556.049835,127.2
1660243556.069866,125.3
1660243556.089841,137.1
1660243556.109773,148.7
1660243556.129844,158.8
1660243556.149848,141.7
1660243556.169738,134.6
1660243556.189763,142.0
1660243556.209712,162.9
1660243556.229749,141.1
1660243556.249735,120.7
1660243556.269713,120.8
1660243556.289714,118.3
1660243556.309736,122.9
1660243556.329717,120.7
1660243556.349658,124.3
1660243556.369662,124.6
1660243556.38974,147.5
1660243556.40972,142.5
1660243556.429719,122.5
1660243556.44966,136.0
1660243556.469619,133.0
1660243556.489581,120.2
1660243556.509578,123.4
1660243556.529598,115.7
1660243556.549583,113.7
1660243556.569601,118.0
1660243556.589555,118.0
1660243556.609455,118.4
1660243556.629485,110.2
1660243556.649497,110.1
1660243556.669459,120.8
1660243556.689374,126.0
1660243556.709394,119.0
1660243556.729405,112.0
1660243556.749379,119.4
1660243556.770301,122.6
1660243556.790281,136.6
1660243556.810289,127.5
1660243556.829274,115.4
1660243556.84926,118.2
1660243556.870274,120.2
1660243556.89031,120.2
1660243556.910284,121.7
1660243556.930284,115.8
1660243556.950277,105.2
1660243556.969207,106.9
1660243556.990276,107.2
1660243557.010298,108.4
1660243557.030273,107.1
1660243557.050165,107.4
1660243557.070179,110.3
1660243557.090167,116.0
1660243557.110171,139.6
1660243557.130188,144.4
1660243557.150167,150.1
1660243557.170079,138.6
1660243557.190225,123.3
1660243557.210082,115.7
1660243557.230073,115.8
1660243557.250066,126.1
1660243557.27008,112.8
1660243557.290068,99.4
1660243557.310066,112.1
1660243557.329977,122.9
1660243557.350024,121.6
1660243557.369981,123.0
1660243557.389993,163.0
1660243557.409964,149.9
1660243557.429966,131.9
1660243557.449881,147.3
1660243557.469982,148.2
1660243557.489881,154.3
1660243557.50997,146.6
1660243557.529878,161.4
1660243557.549967,152.7
1660243557.569885,147.8
1660243557.589871,150.4
1660243557.609863,158.0
1660243557.629863,148.9
1660243557.649883,126.0
1660243557.669896,129.7
1660243557.689894,133.7
1660243557.709886,134.7
1660243557.72989,135.5
1660243557.749889,142.8
1660243557.769787,116.8
1660243557.789764,111.7
1660243557.809825,119.4
1660243557.829767,109.0
1660243557.849776,104.2
1660243557.869773,106.8
1660243557.889769,106.7
1660243557.909796,111.9
1660243557.92982,112.5
1660243557.949634,118.4
1660243557.969681,126.4
1660243557.989687,125.0
1660243558.009645,131.2
1660243558.029624,133.1
1660243558.04965,141.1
1660243558.069627,137.8
1660243558.089656,138.4
1660243558.109628,138.6
1660243558.129554,139.3
1660243558.149664,135.5
1660243558.169666,131.8
1660243558.189556,142.8
1660243558.209532,153.2
1660243558.22953,154.0
1660243558.249562,164.1
1660243558.269535,160.8
1660243558.28954,152.5
1660243558.309565,161.5
1660243558.32958,158.0
1660243558.349561,150.0
1660243558.369457,161.8
1660243558.389563,153.3
1660243558.409452,143.6
1660243558.429543,139.7
1660243558.449466,127.4
1660243558.469456,117.4
1660243558.489456,129.3
1660243558.509442,135.7
1660243558.529437,131.3
1660243558.549436,134.8
1660243558.569435,126.7
1660243558.589464,111.3
1660243558.609449,115.8
1660243558.629399,117.7
1660243558.64945,121.1
1660243558.669348,125.4
1660243558.689444,121.1
1660243558.709374,114.3
1660243558.729366,114.5
1660243558.749372,117.4
1660243558.769368,115.4
1660243558.790341,116.3
1660243558.809368,117.2
1660243558.829343,116.0
1660243558.849344,116.2
1660243558.869342,115.8
1660243558.89025,115.8
1660243558.910252,124.2
1660243558.930285,124.0
1660243558.949234,120.3
1660243558.969168,111.1
1660243558.990226,116.7
1660243559.010148,116.5
1660243559.030248,116.1
1660243559.050145,118.8
1660243559.07013,125.8
1660243559.090144,124.7
1660243559.110151,121.0
1660243559.130133,121.9
1660243559.15014,124.9
1660243559.170203,125.9
1660243559.190171,123.0
1660243559.210092,125.0
1660243559.230048,122.5
1660243559.250064,115.5
1660243559.269964,121.0
1660243559.290096,119.2
1660243559.309965,117.3
1660243559.329969,118.7
1660243559.349941,125.3
1660243559.370005,128.2
1660243559.389943,121.6
1660243559.409862,115.1
1660243559.429871,106.9
1660243559.449841,108.8
1660243559.469869,122.0
1660243559.48984,136.3
1660243559.509865,136.2
1660243559.529842,144.9
1660243559.549819,152.8
1660243559.569848,145.3
1660243559.589843,134.4
1660243559.609825,129.1
1660243559.629824,123.0
1660243559.649828,118.2
1660243559.669838,129.3
1660243559.689847,140.8
1660243559.709828,120.8
1660243559.729682,123.8
1660243559.749664,142.1
1660243559.769686,138.5
1660243559.789692,122.7
1660243559.809708,107.9
1660243559.829695,110.5
1660243559.849611,113.9
1660243559.869673,113.8
1660243559.929615,111.4
1660243559.949575,111.9
1660243559.969602,111.8
1660243559.989591,112.9
1660243560.009491,113.5
1660243560.029589,112.7
1660243560.049491,113.4
1660243560.069506,112.8
1660243560.089501,113.7
1660243560.109403,113.3
1660243560.129381,114.5
1660243560.149389,114.0
1660243560.169404,108.5
1660243560.189402,98.8
1660243560.209404,100.1
1660243560.229403,102.4
1660243560.249397,104.2
1660243560.269399,100.0
1660243560.289388,101.6
1660243560.309397,105.0
1660243560.329297,101.9
1660243560.349315,102.2
1660243560.369316,101.9
1660243560.38933,101.8
1660243560.409292,102.1
1660243560.429326,101.3
1660243560.449294,105.0
1660243560.469297,106.3
1660243560.489328,106.7
1660243560.510322,106.6
1660243560.529317,106.8
1660243560.549334,86.7
1660243560.569297,56.5
1660243560.589193,64.0
1660243560.610201,68.1
1660243560.630182,65.6
1660243560.649252,66.7
1660243560.669253,67.3
1660243560.690196,83.3
1660243560.710255,94.8
1660243560.730205,65.9
1660243560.750201,57.1
1660243560.770133,66.9
1660243560.790095,69.8
1660243560.810099,64.7
1660243560.830125,63.7
1660243560.8501,82.5
1660243560.870021,95.7
1660243560.89009,66.6
1660243560.91003,60.3
1660243560.930004,64.2
1660243560.950029,68.2
1660243560.970008,64.2
1660243560.990002,68.0
1660243561.010034,75.2
1660243561.029966,95.7
1660243561.049911,93.4
1660243561.069919,85.7
1660243561.089923,61.5
1660243561.109918,58.5
1660243561.12991,68.3
1660243561.149866,68.6
1660243561.169949,63.0
1660243561.189865,65.6
1660243561.209916,83.4
1660243561.229882,91.9
1660243561.249892,67.0
1660243561.269893,66.1
1660243561.289912,74.1
1660243561.309764,67.6
1660243561.329765,66.9
1660243561.349748,73.1
1660243561.369748,69.4
1660243561.38977,70.6
1660243561.409769,69.7
1660243561.42978,65.8
1660243561.449744,68.3
1660243561.469747,68.7
1660243561.48968,69.2
1660243561.509642,68.1
1660243561.52966,66.5
1660243561.549695,68.8
1660243561.569646,71.8
1660243561.589649,69.4
1660243561.609646,71.0
1660243561.629565,85.2
1660243561.649648,78.5
1660243561.669541,78.6
1660243561.689556,84.6
1660243561.709573,59.0
1660243561.729603,57.5
1660243561.749546,72.6
1660243561.769575,73.2
1660243561.789546,60.4
1660243561.809552,61.9
1660243561.829549,65.3
1660243561.849588,65.9
1660243561.869582,62.9
1660243561.889584,67.8
1660243561.909475,62.8
1660243561.929463,64.6
1660243561.949451,65.0
1660243561.969463,63.6
1660243561.989456,64.2
1660243562.00946,63.2
1660243562.029373,65.4
1660243562.049379,63.4
1660243562.069366,64.0
1660243562.089358,65.7
1660243562.109358,63.2
1660243562.129364,63.8
1660243562.149252,63.6
1660243562.16927,64.5
1660243562.189272,63.1
1660243562.210246,65.3
1660243562.229271,63.6
1660243562.249249,63.3
1660243562.26926,63.9
1660243562.289145,64.9
1660243562.310145,62.6
1660243562.330149,63.3
1660243562.350155,64.3
1660243562.369151,64.2
1660243562.390152,64.9
1660243562.40915,62.7
1660243562.430148,63.0
1660243562.450161,63.6
1660243562.470138,63.9
1660243562.530052,62.1
1660243562.550053,63.9
1660243562.570052,64.1
1660243562.590035,62.9
1660243562.610033,63.7
1660243562.630054,62.7
1660243562.650038,63.6
1660243562.669931,63.7
1660243562.689954,65.3
1660243562.709938,63.5
1660243562.729944,62.5
1660243562.749936,63.9
1660243562.769936,64.1
1660243562.789936,64.6
1660243562.80994,89.4
1660243562.82996,112.1
1660243562.849789,115.2
1660243562.869817,115.7
1660243562.889796,117.9
1660243562.909799,136.5
1660243562.929722,144.9
1660243562.949724,135.4
1660243562.969712,151.0
1660243562.989696,151.3
1660243563.009692,134.4
1660243563.029692,154.1
1660243563.049612,130.9
1660243563.069679,110.4
1660243563.089591,114.9
1660243563.109598,120.5
1660243563.129587,118.0
1660243563.149614,120.2
1660243563.169615,111.9
1660243563.189588,102.7
1660243563.209597,108.2
1660243563.229508,117.9
1660243563.249594,121.4
1660243563.269592,118.8
1660243563.289488,119.3
1660243563.309509,116.9
1660243563.329523,109.7
1660243563.349501,109.4
1660243563.369504,112.0
1660243563.389498,121.9
1660243563.409498,124.5
1660243563.429424,118.2
1660243563.449398,117.1
1660243563.46942,117.3
1660243563.489317,106.3
1660243563.509332,105.6
1660243563.529307,111.1
1660243563.549312,122.0
1660243563.569307,120.5
1660243563.589288,117.7
1660243563.609301,117.9
1660243563.629301,118.5
1660243563.649232,117.3
1660243563.669199,107.4
1660243563.690197,106.0
1660243563.710234,111.6
1660243563.729205,107.5
1660243563.749136,118.6
1660243563.769125,125.2
1660243563.789107,116.6
1660243563.810097,103.1
1660243563.830129,107.2
1660243563.85013,108.6
1660243563.870128,109.1
1660243563.89011,116.7
1660243563.9101,124.9
1660243563.930137,127.5
1660243563.95013,129.5
1660243563.970127,125.3
1660243563.990114,129.1
1660243564.010102,148.8
1660243564.030004,164.3
1660243564.050028,152.4
1660243564.070015,156.7
1660243564.090014,160.2
1660243564.109928,158.0
1660243564.129923,156.3
1660243564.149985,159.1
1660243564.170008,153.6
1660243564.189984,149.3
1660243564.20993,161.5
1660243564.229842,159.0
1660243564.249843,153.4
1660243564.269828,152.2
1660243564.289841,154.6
1660243564.30984,147.9
1660243564.329851,126.2
1660243564.349856,110.1
1660243564.369873,105.7
1660243564.389845,111.6
1660243564.409858,108.2
1660243564.429834,109.9
1660243564.449867,108.4
1660243564.469849,109.6
1660243564.489863,109.2
1660243564.509843,110.4
1660243564.529742,110.1
1660243564.549811,108.7
1660243564.569741,107.9
1660243564.589748,109.3
1660243564.609746,109.1
1660243564.62975,110.4
1660243564.649753,108.4
1660243564.669767,109.3
1660243564.689761,108.6
1660243564.749634,109.8
1660243564.769665,108.4
1660243564.789661,110.4
1660243564.809554,109.5
1660243564.829548,109.6
1660243564.849565,107.5
1660243564.869565,107.7
1660243564.889534,108.8
1660243564.909538,108.3
1660243564.929447,116.1
1660243564.949585,121.0
1660243564.969451,111.6
1660243564.989447,122.5
1660243565.009448,133.4
1660243565.029476,125.0
1660243565.049367,122.9
1660243565.069352,124.9
1660243565.089383,127.6
1660243565.109368,127.4
1660243565.129445,124.9
1660243565.14941,119.1
1660243565.169468,115.4
1660243565.190387,118.8
1660243565.209698,118.2
1660243565.229362,114.0
1660243565.249267,107.0
1660243565.269253,105.5
1660243565.289238,107.3
1660243565.309239,107.3
1660243565.329236,107.9
1660243565.349246,107.0
1660243565.36918,106.6
1660243565.389155,107.6
1660243565.410159,106.3
1660243565.430158,107.7
1660243565.449149,107.5
1660243565.469169,106.8
1660243565.489084,107.3
1660243565.510173,107.1
1660243565.530082,109.2
1660243565.550036,121.0
1660243565.57004,120.6
1660243565.590043,107.6
1660243565.610045,104.3
1660243565.630058,110.0
1660243565.650058,144.9
1660243565.670047,152.5
1660243565.690064,137.3
1660243565.709923,140.2
1660243565.729922,143.8
1660243565.749912,143.6
1660243565.7699,143.9
1660243565.789903,142.0
1660243565.80982,145.2
1660243565.829801,130.5
1660243565.849798,122.9
1660243565.869824,116.3
1660243565.889813,122.3
1660243565.9098,129.6
1660243565.929831,122.5
1660243565.949727,124.2
1660243565.969708,124.6
1660243565.98972,128.2
1660243566.009709,125.5
1660243566.029735,126.9
1660243566.049715,120.1
1660243566.069712,116.6
1660243566.089728,117.9
1660243566.109632,119.4
1660243566.129635,128.8
1660243566.149609,126.3
1660243566.169606,124.4
1660243566.189504,128.0
1660243566.209531,127.3
1660243566.22951,121.0
1660243566.249514,117.1
1660243566.26952,114.0
1660243566.289512,111.4
1660243566.309518,118.9
1660243566.329521,146.9
1660243566.349507,136.6
1660243566.369538,132.3
1660243566.389513,118.1
1660243566.409434,127.1
1660243566.429438,141.0
1660243566.44941,139.2
1660243566.469425,140.4
1660243566.48942,158.0
1660243566.509339,144.6
1660243566.529323,138.6
1660243566.549316,133.1
1660243566.569348,134.9
1660243566.589306,139.5
1660243566.609331,148.8
1660243566.629324,118.1
1660243566.649317,105.0
1660243566.669309,103.9
1660243566.689354,107.4
1660243566.709317,109.1
1660243566.72933,105.7
1660243566.749331,110.3
1660243566.769214,109.5
1660243566.789211,112.8
1660243566.809188,116.7
1660243566.82919,128.0
1660243566.849227,127.4
1660243566.869209,112.4
1660243566.88913,120.9
1660243566.910125,150.1
1660243566.930127,152.6
1660243566.950106,153.2
1660243566.970099,149.6
1660243566.989137,157.0
1660243567.010096,147.9
1660243567.03012,150.3
1660243567.050106,152.0
1660243567.070097,150.8
1660243567.090095,146.6
1660243567.110121,150.7
1660243567.130092,162.5
1660243567.150037,161.1
1660243567.169949,148.4
1660243567.189956,165.2
1660243567.209947,148.3
1660243567.229951,143.3
1660243567.249965,147.7
1660243567.269848,151.1
1660243567.289852,149.8
1660243567.309831,147.6
1660243567.329848,137.1
1660243567.349848,132.5
1660243567.369844,133.6
1660243567.389859,131.4
1660243567.409831,133.4
1660243567.429746,135.3
1660243567.449729,134.3
1660243567.469754,127.7
1660243567.489724,133.6
1660243567.509745,128.9
1660243567.529642,132.9
1660243567.549627,137.5
1660243567.569657,128.7
1660243567.589651,120.2
1660243567.609634,121.1
1660243567.629587,112.8
1660243567.649547,110.2
1660243567.669535,128.3
1660243567.689546,125.1
1660243567.709432,125.4
1660243567.729445,120.8
1660243567.749459,120.3
1660243567.769434,118.1
1660243567.789432,117.9
1660243567.809352,124.2
1660243567.829436,147.2
1660243567.849451,133.2
1660243567.869459,110.4
1660243567.88944,130.3
1660243567.909443,138.1
1660243567.929353,132.2
1660243567.949346,131.0
1660243567.969333,138.6
1660243567.989327,133.5
1660243568.009337,115.3
1660243568.029342,119.9
1660243568.049348,127.2
1660243568.069352,119.2
1660243568.089348,127.1
1660243568.109347,148.4
1660243568.129353,138.0
1660243568.149255,122.4
1660243568.169228,135.1
1660243568.189248,149.8
1660243568.209269,151.5
1660243568.229254,147.7
1660243568.249136,148.4
1660243568.269169,150.2
1660243568.290132,149.8
1660243568.31016,128.1
1660243568.330174,122.0
1660243568.349176,124.8
1660243568.36913,127.0
1660243568.390141,117.6
1660243568.410157,115.7
1660243568.430087,118.8
1660243568.449166,121.6
1660243568.46915,123.4
1660243568.490163,117.3
1660243568.510148,117.9
1660243568.529997,118.1
1660243568.549996,118.8
1660243568.569977,119.4
1660243568.58902,118.2
1660243568.610009,119.5
1660243568.630032,118.6
1660243568.649991,117.0
1660243568.670001,119.3
1660243568.690016,120.1
1660243568.710018,116.8
1660243568.729894,114.4
1660243568.749881,117.7
1660243568.76992,112.9
1660243568.789892,116.8
1660243568.809901,116.1
1660243568.829926,115.4
1660243568.849886,115.7
1660243568.869785,115.2
1660243568.88983,108.5
1660243568.909803,115.6
1660243568.92983,119.3
1660243568.949823,113.7
1660243568.969804,112.1
1660243568.989803,115.6
1660243569.009732,112.8
1660243569.029792,114.4
1660243569.049809,117.3
1660243569.069734,115.8
1660243569.089805,115.6
1660243569.109704,110.5
1660243569.129678,123.2
1660243569.149706,124.9
1660243569.169698,137.4
1660243569.189725,160.2
1660243569.2097,133.6
1660243569.229704,132.6
1660243569.249706,124.6
1660243569.269697,137.0
1660243569.289621,145.6
1660243569.309621,145.7
1660243569.329617,155.7
1660243569.349648,137.0
1660243569.369655,132.6
1660243569.389632,142.2
1660243569.409573,149.4
1660243569.429599,152.7
1660243569.449506,149.3
1660243569.469532,142.3
1660243569.489526,121.3
1660243569.509506,138.0
1660243569.529486,117.9
1660243569.549534,122.9
1660243569.569504,145.9
1660243569.589501,138.1
1660243569.609515,144.4
1660243569.629484,159.4
1660243569.649427,149.4
1660243569.669398,156.8
1660243569.689427,153.7
1660243569.709427,129.2
1660243569.729352,133.0
1660243569.749313,129.3
1660243569.769346,131.5
1660243569.789327,136.8
1660243569.80932,128.8
1660243569.829321,127.0
1660243569.8492,132.7
1660243569.869194,125.5
1660243569.889196,118.3
1660243569.909201,122.1
1660243569.929135,122.0
1660243569.949232,121.1
1660243569.969134,120.2
1660243569.9902,121.9
1660243570.009131,120.7
1660243570.029148,121.3
1660243570.049045,119.1
1660243570.069068,123.6
1660243570.090078,118.9
1660243570.109044,122.2
1660243570.129049,126.0
1660243570.149054,147.9
1660243570.169074,145.2
1660243570.189037,133.4
1660243570.209947,133.1
1660243570.229945,128.0
1660243570.249978,114.7
1660243570.26995,116.8
1660243570.28895,119.3
1660243570.309954,120.7
1660243570.329949,117.6
1660243570.349898,118.4
1660243570.369881,120.3
1660243570.389852,117.6
1660243570.409848,119.0
1660243570.429854,121.5
1660243570.449748,125.3
1660243570.469755,144.4
1660243570.489777,149.2
1660243570.509768,138.5
1660243570.529673,144.6
1660243570.549649,146.6
1660243570.569668,150.1
1660243570.589772,149.7
1660243570.609753,154.6
1660243570.629656,142.2
1660243570.649715,150.0
1660243570.669649,155.5
1660243570.68966,142.4
1660243570.709691,135.8
1660243570.729774,143.8
1660243570.749581,158.1
1660243570.76956,160.1
1660243570.789565,145.3
1660243570.809582,145.9
1660243570.829553,149.8
1660243570.849567,155.6
1660243570.869451,149.3
1660243570.889482,156.0
1660243570.90946,158.8
1660243570.92947,153.4
1660243570.949472,153.2
1660243570.969467,151.5
1660243570.989483,157.4
1660243571.009464,168.0
1660243571.029474,167.5
1660243571.049392,156.2
1660243571.069389,156.0
1660243571.089366,156.7
1660243571.109373,157.7
1660243571.1294,150.3
1660243571.149414,156.5
1660243571.169408,157.4
1660243571.189392,146.3
1660243571.209254,156.3
1660243571.229287,163.1
1660243571.249317,150.6
1660243571.269268,140.8
1660243571.289277,134.5
1660243571.309258,136.3
1660243571.329259,136.0
1660243571.349249,139.0
1660243571.36924,140.3
1660243571.389262,136.3
1660243571.409249,128.7
1660243571.429258,135.7
1660243571.449132,143.3
1660243571.469122,134.3
1660243571.489106,127.0
1660243571.509101,130.8
1660243571.529112,129.1
1660243571.54911,117.9
1660243571.569162,123.3
1660243571.589013,124.7
1660243571.609026,128.2
1660243571.629026,119.9
1660243571.649032,122.8
1660243571.669006,121.7
1660243571.689013,124.1
1660243571.710043,128.7
1660243571.729993,133.0
1660243571.748945,121.1
1660243571.768968,121.7
1660243571.788911,123.8
1660243571.809934,124.1
1660243571.829892,124.6
1660243571.849908,132.3
1660243571.869926,125.3
1660243571.889918,116.5
1660243571.909902,122.0
1660243571.929823,124.0
1660243571.949914,121.8
1660243571.969817,123.1
1660243571.989791,121.9
1660243572.009813,115.4
1660243572.029822,116.8
1660243572.049844,126.8
1660243572.069797,125.2
1660243572.089795,117.7
1660243572.109833,131.7
1660243572.129714,136.5
1660243572.149692,133.9
1660243572.169702,144.4
1660243572.189712,123.9
1660243572.209781,122.4
1660243572.229726,143.0
1660243572.249611,144.7
1660243572.269599,144.8
1660243572.289606,162.8
1660243572.309601,156.9
1660243572.329645,146.3
1660243572.349514,141.9
1660243572.369515,145.8
1660243572.38951,150.6
1660243572.409408,147.8
1660243572.429393,144.5
1660243572.449404,146.7
1660243572.469385,149.1
1660243572.489396,145.4
1660243572.509412,147.6
1660243572.529406,147.1
1660243572.549385,148.3
1660243572.569424,149.3
1660243572.589422,139.7
1660243572.609397,135.6
1660243572.629404,137.9
1660243572.649396,141.4
1660243572.669392,135.1
1660243572.689442,139.4
1660243572.709302,138.7
1660243572.729318,137.9
1660243572.749328,142.2
1660243572.769315,140.4
1660243572.78933,139.5
1660243572.809323,139.7
1660243572.829332,140.2
1660243572.849339,141.5
1660243572.869332,142.3
1660243572.889314,141.2
1660243572.909343,140.6
1660243572.929346,142.0
1660243572.949313,135.9
1660243572.96919,143.1
1660243572.989245,138.6
1660243573.009182,137.1
1660243573.029173,139.3
1660243573.049225,136.3
1660243573.069198,139.1
1660243573.089178,136.9
1660243573.109058,138.8
1660243573.12909,139.0
1660243573.1491,139.4
1660243573.169196,137.4
1660243573.189067,139.6
1660243573.209104,137.5
1660243573.229024,141.1
1660243573.248957,136.1
1660243573.26898,142.6
1660243573.289971,136.6
1660243573.309972,138.4
1660243573.32989,133.8
1660243573.349865,131.6
1660243573.368889,133.2
1660243573.388847,132.0
1660243573.409904,132.2
1660243573.429844,133.8
1660243573.44977,122.3
1660243573.469773,119.5
1660243573.489827,125.8
1660243573.509756,123.6
1660243573.529784,124.2
1660243573.549746,123.0
1660243573.569816,122.9
1660243573.589782,123.9
1660243573.609791,126.3
1660243573.629799,126.4
1660243573.649805,124.2
1660243573.669794,124.2
1660243573.6897,122.9
1660243573.709655,122.9
1660243573.729721,124.0
1660243573.74965,124.6
1660243573.769662,124.3
1660243573.789667,123.8
1660243573.809558,124.0
1660243573.829588,127.7
1660243573.849608,124.2
1660243573.869576,123.8
1660243573.889576,124.1
1660243573.909578,123.8
1660243573.929609,123.8
1660243573.949547,124.2
1660243573.969487,124.1
1660243573.989476,123.9
1660243574.009506,124.7
1660243574.029473,124.5
1660243574.0495,117.9
1660243574.069499,113.0
1660243574.08949,117.7
1660243574.109376,115.8
1660243574.129341,115.2
1660243574.149391,116.9
1660243574.169407,115.9
1660243574.189411,115.6
1660243574.209394,116.1
1660243574.229351,117.2
1660243574.249375,115.2
1660243574.269287,116.2
1660243574.289374,115.8
1660243574.309349,115.0
1660243574.329356,116.7
1660243574.349312,115.3
1660243574.369447,114.8
1660243574.389301,116.7
1660243574.40935,115.5
1660243574.42931,114.8
1660243574.449246,116.5
1660243574.469232,118.3
1660243574.489222,113.9
1660243574.509214,116.0
1660243574.529251,115.9
1660243574.549124,115.0
1660243574.569119,115.1
1660243574.589119,116.6
1660243574.609147,115.3
1660243574.629118,117.6
1660243574.649034,116.6
1660243574.668993,116.1
1660243574.689053,116.5
1660243574.709042,118.2
1660243574.728934,116.3
1660243574.749002,117.3
1660243574.76902,118.3
1660243574.789945,118.8
1660243574.809003,118.1
1660243574.829009,118.9
1660243574.848948,116.8
1660243574.868909,115.3
1660243574.889931,118.0
1660243574.909912,118.1
1660243574.929918,118.2
1660243574.949837,118.0
1660243574.969824,118.0
1660243574.989845,117.9
1660243575.00981,117.5
1660243575.029852,117.6
1660243575.049898,117.1
1660243575.069745,115.0
1660243575.089724,117.8
1660243575.109753,112.4
1660243575.129717,118.5
1660243575.149692,117.6
1660243575.169724,118.3
1660243575.189719,118.2
1660243575.209768,117.8
1660243575.229705,117.0
1660243575.249665,113.1
1660243575.269604,115.0
1660243575.289595,115.8
1660243575.309594,113.8
1660243575.329674,114.6
1660243575.349663,115.7
1660243575.36967,114.2
1660243575.38966,114.7
1660243575.409645,115.3
1660243575.429563,116.2
1660243575.449508,118.4
1660243575.469499,113.8
1660243575.489408,115.5
1660243575.509396,113.4
1660243575.529411,115.2
1660243575.549399,113.8
1660243575.569483,114.3
1660243575.589413,115.2
1660243575.609504,113.8
1660243575.62941,114.5
1660243575.649473,115.2
1660243575.669452,114.6
1660243575.689317,114.3
1660243575.709436,114.2
1660243575.729458,114.8
1660243575.749338,114.4
1660243575.769299,114.6
1660243575.789267,114.5
1660243575.809259,115.0
1660243575.829281,114.9
1660243575.849154,116.3
1660243575.86918,113.8
1660243575.889182,114.6
1660243575.909188,115.6
1660243575.929197,114.0
1660243575.949166,114.4
1660243575.969173,114.5
1660243575.989081,113.8
1660243576.009067,115.1
1660243576.029064,113.9
1660243576.04916,114.6
1660243576.069074,115.0
1660243576.08909,114.8
1660243576.109151,115.3
1660243576.129059,113.1
1660243576.148956,115.0
1660243576.168947,114.1
1660243576.188985,113.8
1660243576.208976,114.5
1660243576.228949,115.0
1660243576.248962,114.1
1660243576.268886,114.4
1660243576.289967,114.3
1660243576.30995,114.1
1660243576.328842,116.8
1660243576.348869,114.5
1660243576.368867,113.5
1660243576.389844,113.6
1660243576.409857,115.0
1660243576.429764,115.2
1660243576.449771,113.1
1660243576.469756,115.1
1660243576.489765,115.2
1660243576.509642,113.6
1660243576.529698,114.9
1660243576.549665,116.6
1660243576.569632,113.6
1660243576.589704,114.5
1660243576.609665,115.5
1660243576.629635,114.7
1660243576.649595,114.8
1660243576.669563,114.3
1660243576.689533,114.1
1660243576.709592,113.9
1660243576.729588,114.2
1660243576.749565,114.3
1660243576.769597,114.0
1660243576.78956,113.3
1660243576.809577,114.2
1660243576.829556,114.1
1660243576.849543,114.0
1660243576.869453,114.5
1660243576.889457,115.8
1660243576.909437,116.4
1660243576.929452,115.8
1660243576.949451,117.8
1660243576.96948,112.7
1660243576.989396,116.2
1660243577.009469,114.9
1660243577.029402,118.1
1660243577.049284,107.7
1660243577.069311,102.3
1660243577.089307,106.3
1660243577.109281,106.2
1660243577.129283,105.7
1660243577.149283,106.2
1660243577.169296,106.4
1660243577.189196,104.6
1660243577.209195,105.9
1660243577.229232,104.9
1660243577.249199,105.9
1660243577.269242,105.3
1660243577.289205,106.5
1660243577.309203,104.7
1660243577.329141,105.8
1660243577.3491,104.1
1660243577.3691,105.5
1660243577.389108,105.5
1660243577.409108,103.8
1660243577.429094,106.5
1660243577.449023,104.0
1660243577.469171,110.4
1660243577.489013,120.0
1660243577.509088,116.9
1660243577.529047,114.0
1660243577.549002,116.7
1660243577.569006,114.1
1660243577.588986,117.0
1660243577.608909,112.9
1660243577.628931,115.7
1660243577.648925,117.5
1660243577.6689,115.5
1660243577.688936,117.6
1660243577.708894,117.1
1660243577.728913,115.7
1660243577.748894,114.8
1660243577.769837,115.0
1660243577.789924,113.5
1660243577.809851,115.7
1660243577.828813,113.5
1660243577.84982,115.4
1660243577.869743,116.3
1660243577.889725,113.6
1660243577.909738,115.1
1660243577.929702,116.2
1660243577.949742,113.7
1660243577.969703,115.2
1660243577.989738,114.7
1660243578.0097,114.2
1660243578.029671,115.6
1660243578.049671,113.7
1660243578.069622,116.6
1660243578.129625,115.9
1660243578.149622,115.5
1660243578.16961,114.8
1660243578.18955,114.8
1660243578.209544,115.4
1660243578.229531,114.5
1660243578.249556,114.5
1660243578.269535,114.0
1660243578.28943,114.4
1660243578.309434,114.6
1660243578.329439,114.4
1660243578.349504,113.9
1660243578.369506,114.6
1660243578.38944,113.3
1660243578.409529,113.5
1660243578.429453,114.9
1660243578.449378,113.1
1660243578.469335,114.6
1660243578.489346,114.4
1660243578.509344,113.8
1660243578.529398,114.6
1660243578.54935,114.4
1660243578.569262,113.2
1660243578.589348,114.1
1660243578.609248,114.3
1660243578.629263,114.1
1660243578.649235,114.3
1660243578.669237,113.9
1660243578.689168,114.6
1660243578.709249,114.3
1660243578.729251,115.5
1660243578.749238,115.1
1660243578.769162,116.4
1660243578.789163,118.1
1660243578.809154,115.8
1660243578.829182,115.3
1660243578.849147,117.2
1660243578.869172,116.2
1660243578.889151,117.3
1660243578.909162,105.7
1660243578.929154,102.8
1660243578.949052,107.4
1660243578.96905,106.4
1660243578.989064,106.0
1660243579.009059,105.4
1660243579.029063,106.7
1660243579.048986,104.6
1660243579.069108,117.5
1660243579.089068,121.0
1660243579.108978,115.9
1660243579.128966,113.8
1660243579.14898,116.0
1660243579.16897,116.4
1660243579.188985,117.6
1660243579.208883,116.5
1660243579.228864,118.4
1660243579.248877,117.2
1660243579.26986,116.3
1660243579.288891,114.3
1660243579.308864,117.3
1660243579.328901,114.0
1660243579.348884,115.3
1660243579.368865,115.6
1660243579.389766,114.8
1660243579.409772,115.8
1660243579.429754,114.1
1660243579.449758,114.5
1660243579.468757,115.3
1660243579.489754,114.6
1660243579.509762,117.3
1660243579.529766,115.1
1660243579.549764,114.4
1660243579.569756,114.8
1660243579.589776,116.6
1660243579.609647,113.6
1660243579.629666,118.1
1660243579.649663,113.6
1660243579.669651,116.0
1660243579.689652,114.2
1660243579.709658,115.8
1660243579.729639,115.0
1660243579.749639,115.4
1660243579.769553,114.7
1660243579.789594,115.0
1660243579.809543,115.1
1660243579.829586,115.5
1660243579.849563,115.2
1660243579.869586,115.5
1660243579.889574,114.5
1660243579.909436,114.3
1660243579.929439,115.3
1660243579.949426,115.1
1660243579.969436,116.4
1660243579.989411,113.8
1660243580.00944,115.1
1660243580.029412,115.3
1660243580.049288,114.2
1660243580.069323,116.3
1660243580.08934,113.6
1660243580.109329,114.8
1660243580.129314,115.4
1660243580.149229,115.0
1660243580.169206,114.6
1660243580.189201,114.7
1660243580.209195,114.1
1660243580.229218,115.4
1660243580.249127,114.6
1660243580.269222,114.0
1660243580.289114,114.1
1660243580.309137,115.9
1660243580.32911,113.5
1660243580.349108,114.6
1660243580.3691,114.4
1660243580.389113,115.5
1660243580.409131,114.0
1660243580.429025,114.6
1660243580.448997,114.0
1660243580.469021,114.6
1660243580.489036,115.4
1660243580.509028,114.1
1660243580.528998,115.4
1660243580.549024,115.1
1660243580.569022,114.1
1660243580.589036,113.8
1660243580.609004,115.4
1660243580.628932,114.8
1660243580.648917,114.6
1660243580.668909,114.5
1660243580.688902,116.0
1660243580.708895,113.6
1660243580.728912,115.1
1660243580.748916,115.5
1660243580.768899,115.4
1660243580.78889,114.3
1660243580.808924,114.6
1660243580.828815,114.7
1660243580.848807,114.3
1660243580.868792,115.4
1660243580.88982,115.5
1660243580.908818,113.2
1660243580.92881,115.3
1660243580.948822,114.9
1660243580.969741,114.5
1660243580.989723,114.1
1660243581.009768,115.9
1660243581.029731,115.0
1660243581.049733,118.5
1660243581.068713,115.4
1660243581.089706,115.2
1660243581.109642,116.1
1660243581.129639,115.5
1660243581.149579,120.0
1660243581.16963,115.7
1660243581.189579,115.1
1660243581.209584,118.5
1660243581.22961,115.2
1660243581.249523,109.9
1660243581.269532,100.8
1660243581.289567,105.0
1660243581.309453,106.6
1660243581.329456,104.2
1660243581.349545,106.8
1660243581.36945,105.0
1660243581.389471,106.3
1660243581.409431,104.9
1660243581.429428,104.5
1660243581.449436,105.5
1660243581.469456,106.2
1660243581.489434,104.7
1660243581.509452,104.7
1660243581.529336,107.2
1660243581.549348,106.1
1660243581.56934,105.3
1660243581.589339,104.4
1660243581.609245,106.3
1660243581.629256,105.6
1660243581.649239,104.5
1660243581.669236,105.6
1660243581.689248,105.2
1660243581.709257,104.9
1660243581.729157,105.8
1660243581.749142,105.4
1660243581.769144,106.3
1660243581.789146,105.4
1660243581.809148,105.9
1660243581.829165,105.2
1660243581.849149,105.5
1660243581.869065,106.3
1660243581.88904,104.7
1660243581.909052,106.5
1660243581.929091,106.0
1660243581.949076,105.6
1660243581.969047,106.8
1660243581.989051,104.7
1660243582.009102,107.2
1660243582.028969,106.1
1660243582.048962,107.2
1660243582.068951,106.6
1660243582.08895,106.7
1660243582.108968,106.1
1660243582.128944,105.7
1660243582.148968,106.1
1660243582.168953,105.5
1660243582.188866,106.8
1660243582.208839,104.4
1660243582.228862,107.0
1660243582.249862,103.6
1660243582.268762,107.1
1660243582.288842,103.6
1660243582.308806,106.6
1660243582.328762,105.1
1660243582.348897,105.0
1660243582.369769,106.0
1660243582.389807,105.9
1660243582.408868,105.0
1660243582.428777,106.0
1660243582.44881,104.2
1660243582.469696,104.7
1660243582.489696,106.4
1660243582.509647,104.8
1660243582.529653,106.3
1660243582.549648,105.1
1660243582.56969,107.9
1660243582.589677,106.3
1660243582.609693,105.2
1660243582.629646,107.8
1660243582.649593,107.7
1660243582.669593,105.9
1660243582.689673,105.2
1660243582.709721,105.0
1660243582.729673,104.1
1660243582.749765,107.0
1660243582.769651,104.5
1660243582.789655,107.0
1660243582.80959,104.0
1660243582.829691,107.1
1660243582.849514,105.6
1660243582.869635,105.7
1660243582.889517,106.4
1660243582.909594,105.1
1660243582.929502,105.2
1660243582.949526,104.8
1660243582.969569,106.2
1660243582.989552,105.0
1660243583.009513,106.6
1660243583.029593,105.5
1660243583.049511,105.0
1660243583.069427,106.8
1660243583.089432,104.8
1660243583.109436,104.9
1660243583.129413,106.3
1660243583.149426,104.9
1660243583.169413,105.8
1660243583.189434,105.3
1660243583.209432,105.9
1660243583.229412,106.6
1660243583.249317,106.2
1660243583.269318,105.0
1660243583.289396,106.5
1660243583.309307,105.8
1660243583.329311,104.8
1660243583.349351,107.3
1660243583.369392,106.3
1660243583.389279,105.5
1660243583.409264,104.7
1660243583.429313,106.9
1660243583.449217,105.9
1660243583.469217,104.9
1660243583.489213,104.7
1660243583.50927,106.7
1660243583.529266,104.8
1660243583.54928,106.2
1660243583.569112,105.1
1660243583.589149,106.6
1660243583.60911,104.6
1660243583.629215,108.1
1660243583.649118,104.1
1660243583.669128,104.1
1660243583.689113,106.9
1660243583.70912,103.5
1660243583.729175,106.2
1660243583.74904,104.8
1660243583.769052,106.1
1660243583.789005,105.3
1660243583.80904,106.0
1660243583.829024,105.7
1660243583.849032,107.1
1660243583.869023,106.7
1660243583.889002,105.9
1660243583.909034,103.4
1660243583.928964,106.7
1660243583.948939,103.7
1660243583.968921,107.2
1660243583.98895,104.9
1660243584.008939,106.1
1660243584.028943,104.4
1660243584.048948,107.0
1660243584.068923,105.5
1660243584.088916,106.2
1660243584.10892,104.0
1660243584.128803,107.5
1660243584.148814,105.8
1660243584.168856,104.0
1660243584.188958,107.0
1660243584.208826,104.0
1660243584.228844,106.9
1660243584.248822,104.6
1660243584.268804,106.0
1660243584.288778,104.9
1660243584.308747,103.5
1660243584.329714,107.3
1660243584.349724,105.9
1660243584.368706,104.7
1660243584.389707,106.3
1660243584.409712,103.5
1660243584.429726,107.3
1660243584.449724,106.0
1660243584.469724,104.8
1660243584.489589,104.4
1660243584.509734,105.6
1660243584.529567,104.7
1660243584.549566,104.6
1660243584.569568,106.3
1660243584.589567,104.8
1660243584.60957,105.9
1660243584.629486,104.9
1660243584.649468,106.2
1660243584.669476,105.2
1660243584.689496,105.3
1660243584.709452,104.4
1660243584.72947,106.6
1660243584.749388,105.2
1660243584.769373,105.4
1660243584.789336,106.3
1660243584.809375,105.6
1660243584.829253,106.0
1660243584.849235,107.1
1660243584.869238,107.1
1660243584.889275,106.3
1660243584.909254,106.0
1660243584.929234,105.8
1660243584.949238,106.5
1660243584.969263,106.0
1660243584.989276,106.5
1660243585.009238,107.4
1660243585.029274,106.3
1660243585.049261,108.5
1660243585.069256,106.4
1660243585.089164,106.0
1660243585.109145,105.8
1660243585.129167,106.3
1660243585.149165,106.7
1660243585.169143,107.8
1660243585.189163,106.7
1660243585.209075,105.9
1660243585.229086,106.4
1660243585.249055,106.4
1660243585.268952,106.1
1660243585.288957,105.8
1660243585.308954,105.7
1660243585.328935,107.7
1660243585.348962,107.2
1660243585.368994,107.9
1660243585.388942,106.0
1660243585.408961,105.8
1660243585.428946,106.0
1660243585.448866,105.0
1660243585.468861,106.8
1660243585.488877,106.3
1660243585.508856,106.8
1660243585.528842,106.8
1660243585.548847,106.4
1660243585.568764,105.5
1660243585.58981,104.6
1660243585.60875,106.4
1660243585.628776,107.5
1660243585.648751,107.4
1660243585.668755,107.4
1660243585.689776,108.2
1660243585.70981,107.0
1660243585.72876,108.2
1660243585.748612,107.4
1660243585.769615,108.4
1660243585.789617,107.9
1660243585.809617,106.4
1660243585.829615,105.9
1660243585.849615,106.2
1660243585.869602,106.3
1660243585.889504,106.2
1660243585.90949,106.2
1660243585.929518,106.2
1660243585.949504,107.4
1660243585.969503,106.4
1660243585.989405,106.1
1660243586.009493,105.9
1660243586.029405,106.3
1660243586.049412,106.2
1660243586.069387,105.5
1660243586.089404,106.8
1660243586.109403,107.4
1660243586.129387,106.5
1660243586.149407,106.3
1660243586.169409,106.2
1660243586.189303,106.0
1660243586.209295,106.0
1660243586.229314,106.2
1660243586.2493,105.0
1660243586.269257,109.9
1660243586.289213,106.5
1660243586.309202,106.4
1660243586.329207,106.1
1660243586.349222,106.3
1660243586.369226,105.4
1660243586.389217,106.6
1660243586.449104,106.4
1660243586.469119,106.2
1660243586.489114,104.0
1660243586.509013,107.3
1660243586.529003,106.1
1660243586.549031,106.3
1660243586.569024,106.8
1660243586.589006,107.1
1660243586.609003,107.4
1660243586.62901,108.5
1660243586.649011,106.6
1660243586.668887,106.2
1660243586.688926,106.3
1660243586.708927,114.2
1660243586.728905,111.2
1660243586.748918,118.1
1660243586.768833,118.6
1660243586.788909,116.9
1660243586.808906,115.1
1660243586.828934,118.8
1660243586.84891,117.7
1660243586.868833,117.4
1660243586.888822,116.7
1660243586.908802,116.6
1660243586.928906,117.3
1660243586.949788,116.4
1660243586.968789,117.6
1660243586.98883,115.9
1660243587.008793,116.6
1660243587.028783,116.7
1660243587.048822,117.5
1660243587.068833,116.0
1660243587.088811,118.1
1660243587.108817,117.0
1660243587.128827,110.4
1660243587.14879,104.5
1660243587.168788,106.1
1660243587.1888,106.1
1660243587.20868,106.4
1660243587.228814,106.3
1660243587.248643,106.2
1660243587.269664,113.9
1660243587.288649,119.9
1660243587.308679,116.0
1660243587.328632,112.4
1660243587.348651,117.1
1660243587.368663,115.0
1660243587.389655,115.4
1660243587.409588,113.1
1660243587.429553,116.1
1660243587.448586,114.7
1660243587.468583,114.2
1660243587.489578,116.5
1660243587.509561,116.5
1660243587.529481,117.7
1660243587.549561,116.0
1660243587.569558,117.1
1660243587.589436,116.7
1660243587.609458,116.4
1660243587.629444,117.5
1660243587.649446,117.8
1660243587.669455,116.1
1660243587.689451,112.2
1660243587.709354,105.0
1660243587.729347,107.3
1660243587.749395,110.4
1660243587.769418,106.2
1660243587.789386,110.7
1660243587.809388,106.9
1660243587.829372,106.4
1660243587.849378,106.3
1660243587.869356,106.3
1660243587.889245,106.6
1660243587.909252,105.5
1660243587.929253,106.1
1660243587.949251,106.3
1660243587.969272,106.1
1660243587.989264,105.9
1660243588.009175,105.7
1660243588.029156,106.3
1660243588.049184,107.4
1660243588.069187,104.8
1660243588.089118,107.1
1660243588.109159,106.2
1660243588.129077,105.4
1660243588.149066,107.0
1660243588.169069,106.0
1660243588.189035,105.5
1660243588.209078,106.7
1660243588.229093,106.4
1660243588.249064,106.1
1660243588.268955,104.6
1660243588.288984,107.1
1660243588.308965,106.3
1660243588.328973,106.1
1660243588.348972,105.9
1660243588.368958,106.3
1660243588.388979,105.2
1660243588.408881,106.1
1660243588.428873,105.0
1660243588.448861,105.7
1660243588.468862,105.3
1660243588.488894,106.3
1660243588.508888,104.8
1660243588.528774,108.4
1660243588.548856,118.6
1660243588.568889,117.9
1660243588.588799,113.9
1660243588.608727,117.0
1660243588.628715,118.0
1660243588.648692,115.3
1660243588.668714,116.7
1660243588.688713,116.3
1660243588.70871,116.3
1660243588.728699,116.0
1660243588.748652,104.6
1660243588.769606,102.6
1660243588.788618,108.0
1660243588.808628,106.2
1660243588.828618,104.6
1660243588.848634,106.7
1660243588.869602,104.4
1660243588.889595,107.1
1660243588.909615,103.6
1660243588.929515,107.6
1660243588.948538,105.9
1660243588.969519,104.9
1660243588.989554,106.7
1660243589.009501,103.9
1660243589.029518,107.3
1660243589.04953,106.3
1660243589.069504,104.8
1660243589.089502,106.4
1660243589.109525,105.2
1660243589.129419,106.9
1660243589.149496,104.6
1660243589.169532,107.1
1660243589.189417,105.5
1660243589.209464,105.0
1660243589.229384,106.8
1660243589.249391,105.0
1660243589.269416,104.5
1660243589.289393,106.3
1660243589.309306,105.1
1660243589.329301,105.6
1660243589.349373,105.9
1660243589.369309,105.2
1660243589.38935,107.0
1660243589.409292,108.3
1660243589.429248,107.8
1660243589.449264,105.7
1660243589.46931,106.0
1660243589.48929,104.7
1660243589.509195,106.8
1660243589.529118,104.7
1660243589.549103,107.4
1660243589.569099,106.2
1660243589.589091,105.8
1660243589.609107,105.2
1660243589.629082,106.4
1660243589.649086,105.6
1660243589.669107,105.1
1660243589.68911,107.0
1660243589.708984,105.4
1660243589.729018,104.8
1660243589.749002,107.2
1660243589.769016,107.4
1660243589.788987,106.4
1660243589.809008,104.7
1660243589.828892,106.3
1660243589.849027,105.3
1660243589.86889,105.2
1660243589.888927,105.9
1660243589.908891,105.8
1660243589.928945,105.9
1660243589.948885,105.9
1660243589.968917,105.0
1660243589.988914,106.2
1660243590.008923,105.3
1660243590.028888,105.4
1660243590.048901,105.3
1660243590.06889,106.3
1660243590.088895,105.3
1660243590.108896,106.1
1660243590.128893,105.7
1660243590.148775,105.4
1660243590.16875,106.8
1660243590.188786,106.0
1660243590.208746,105.2
1660243590.228747,107.1
1660243590.248827,106.9
1660243590.268778,104.1
1660243590.288678,106.0
1660243590.308754,106.2
1660243590.328666,105.1
1660243590.348656,105.3
1660243590.368677,105.4
1660243590.388655,106.0
1660243590.408665,105.5
1660243590.428745,105.0
1660243590.448652,105.6
1660243590.469654,105.1
1660243590.488554,105.6
1660243590.508548,106.4
1660243590.52855,105.3
1660243590.5486,103.6
1660243590.568611,107.2
1660243590.589549,104.6
1660243590.609553,106.4
1660243590.62945,104.6
1660243590.649448,106.2
1660243590.669451,103.3
1660243590.689435,106.5
1660243590.709479,104.5
1660243590.729443,106.7
1660243590.749369,105.9
1660243590.769376,106.7
1660243590.789359,105.7
1660243590.809342,106.6
1660243590.829362,104.9
1660243590.849361,106.8
1660243590.869367,106.0
1660243590.889367,105.1
1660243590.909349,106.8
1660243590.929258,106.1
1660243590.949258,105.8
1660243590.969359,105.9
1660243590.989257,106.0
1660243591.009258,105.5
1660243591.029281,106.3
1660243591.049266,105.6
1660243591.069266,106.4
1660243591.089263,105.6
1660243591.109288,105.3
1660243591.129272,106.5
1660243591.1493,105.8
1660243591.16929,105.7
1660243591.189194,105.3
1660243591.209252,105.5
1660243591.229244,105.5
1660243591.249163,106.1
1660243591.269164,105.3
1660243591.289164,105.2
1660243591.309081,105.8
1660243591.329062,106.4
1660243591.349084,107.1
1660243591.369067,106.5
1660243591.389083,104.8
1660243591.40907,105.9
1660243591.429094,103.6
1660243591.449069,106.0
1660243591.469044,106.3
1660243591.489047,104.1
1660243591.508965,106.4
1660243591.528946,105.6
1660243591.548963,107.2
1660243591.568995,106.3
1660243591.588969,104.0
1660243591.608963,106.6
1660243591.628989,106.6
1660243591.649027,107.0
1660243591.668898,106.0
1660243591.688973,104.8
1660243591.708993,105.4
1660243591.728998,105.6
1660243591.748804,105.4
1660243591.768807,107.3
1660243591.788807,106.3
1660243591.808814,105.0
1660243591.828814,106.7
1660243591.848818,104.7
1660243591.868848,105.5
1660243591.888792,106.1
1660243591.908727,104.2
1660243591.928707,107.0
1660243591.948696,105.1
1660243591.968701,106.5
1660243591.988719,105.7
1660243592.008715,106.3
1660243592.028683,106.3
1660243592.048706,106.3
1660243592.068687,106.0
1660243592.088633,105.7
1660243592.108715,106.6
1660243592.128611,106.1
1660243592.148623,105.9
1660243592.16864,107.0
1660243592.188613,104.8
1660243592.208599,107.4
1660243592.228605,106.5
1660243592.24853,106.3
1660243592.268519,105.6
1660243592.289514,106.3
1660243592.309519,105.2
1660243592.329512,104.4
1660243592.348506,107.1
1660243592.368518,105.1
1660243592.389442,106.5
1660243592.409449,104.7
1660243592.429449,106.7
1660243592.449412,106.0
1660243592.469412,106.5
1660243592.489416,105.7
1660243592.509441,105.5
1660243592.529339,105.4
1660243592.549323,106.0
1660243592.56937,105.1
1660243592.589375,105.3
1660243592.609361,106.1
1660243592.62935,105.7
1660243592.649335,106.3
1660243592.669232,104.0
1660243592.689339,107.1
1660243592.709237,104.8
1660243592.72931,104.6
1660243592.749254,107.1
1660243592.769228,105.9
1660243592.789271,105.5
1660243592.80923,106.5
1660243592.829222,105.0
1660243592.849112,105.7
1660243592.869097,105.5
1660243592.889132,105.3
1660243592.909108,105.5
1660243592.929116,105.0
1660243592.949106,106.7
1660243592.969014,104.2
1660243592.988999,107.1
1660243593.009003,105.9
1660243593.029029,105.4
1660243593.04902,106.2
1660243593.069,106.9
1660243593.089003,106.7
1660243593.109025,104.9
1660243593.12904,106.2
1660243593.14902,105.1
1660243593.16903,106.1
1660243593.189008,106.1
1660243593.209009,105.3
1660243593.229002,105.3
1660243593.248887,106.3
1660243593.269026,105.1
1660243593.289004,104.4
1660243593.308862,106.7
1660243593.328856,104.1
1660243593.348875,107.4
1660243593.368864,106.4
1660243593.388868,105.6
1660243593.408789,106.5
1660243593.428778,105.8
1660243593.448758,105.8
1660243593.468786,106.8
1660243593.488761,106.2
1660243593.508762,105.1
1660243593.528776,106.9
1660243593.548681,104.9
1660243593.568779,106.8
1660243593.588702,105.5
1660243593.608663,104.4
1660243593.628683,107.2
1660243593.648686,104.8
1660243593.668583,107.3
1660243593.688648,106.1
1660243593.708556,105.9
1660243593.7286,105.3
1660243593.7486,107.1
1660243593.768593,107.6
1660243593.788499,105.1
1660243593.808499,106.5
1660243593.828478,106.5
1660243593.848493,106.4
1660243593.868474,103.9
1660243593.889534,107.2
1660243593.909472,105.8
1660243593.929487,105.5
1660243593.949449,105.4
1660243593.968363,105.4
1660243593.989476,106.4
1660243594.009376,104.7
1660243594.02936,106.9
1660243594.049356,105.3
1660243594.069377,105.9
1660243594.089393,104.9
1660243594.109272,105.6
1660243594.129357,105.8
1660243594.149258,105.1
1660243594.169318,105.3
1660243594.189263,104.7
1660243594.209282,107.3
1660243594.22925,104.7
1660243594.249297,105.3
1660243594.269261,106.6
1660243594.28928,105.2
1660243594.309296,104.6
1660243594.329444,105.7
1660243594.349154,105.9
1660243594.369165,105.4
1660243594.389162,104.5
1660243594.409172,106.9
1660243594.429291,103.9
1660243594.449162,107.3
1660243594.469054,104.4
1660243594.489073,105.3
1660243594.509077,106.1
1660243594.529048,105.7
1660243594.549151,107.0
1660243594.569097,104.0
1660243594.589056,106.8
1660243594.609052,105.0
1660243594.629062,106.5
1660243594.649062,107.4
1660243594.66905,106.7
1660243594.689085,105.8
1660243594.709064,104.3
1660243594.72893,106.7
1660243594.748962,105.1
1660243594.768912,106.8
1660243594.788913,104.7
1660243594.808921,107.3
1660243594.828987,106.3
1660243594.848913,105.2
1660243594.868898,107.0
1660243594.888968,105.2
1660243594.908926,107.1
1660243594.928799,104.5
1660243594.948848,107.1
1660243594.968805,104.5
1660243594.988814,105.3
1660243595.008827,106.8
1660243595.028816,104.7
1660243595.048833,106.1
1660243595.068837,105.7
1660243595.088821,105.5
1660243595.108755,105.8
1660243595.128828,105.2
1660243595.148705,105.1
1660243595.168715,105.4
1660243595.188705,105.4
1660243595.208715,105.5
1660243595.2287,106.6
1660243595.248625,104.8
1660243595.268592,106.7
1660243595.288617,105.2
1660243595.30861,104.4
1660243595.328604,107.2
1660243595.348608,107.1
1660243595.368524,106.3
1660243595.3885,103.3
1660243595.408519,107.4
1660243595.428508,104.0
1660243595.448542,106.5
1660243595.468518,105.4
1660243595.488504,103.8
1660243595.508504,107.1
1660243595.528418,103.4
1660243595.548413,106.6
1660243595.568431,104.1
1660243595.589438,106.1
1660243595.609374,106.1
1660243595.629376,104.4
1660243595.649314,106.9
1660243595.669322,105.0
1660243595.68933,106.3
1660243595.709324,106.0
1660243595.729238,105.2
1660243595.74925,104.9
1660243595.769234,106.0
1660243595.789244,104.4
1660243595.809242,107.0
1660243595.829147,106.1
1660243595.84916,105.0
1660243595.869126,107.0
1660243595.88913,105.0
1660243595.909153,105.9
1660243595.929179,104.4
1660243595.949175,106.2
1660243595.969142,104.6
1660243595.98907,105.5
1660243596.009155,106.4
1660243596.029148,105.1
1660243596.049059,106.7
1660243596.069137,105.9
1660243596.088984,105.5
1660243596.108975,107.0
1660243596.12898,106.3
1660243596.14898,106.3
1660243596.168976,105.7
1660243596.188942,105.6
1660243596.208946,106.9
1660243596.228992,106.1
1660243596.248987,104.2
1660243596.268972,106.9
1660243596.288958,104.5
1660243596.308862,105.6
1660243596.328865,105.8
1660243596.348864,105.6
1660243596.368876,106.4
1660243596.388852,104.5
1660243596.40877,105.7
1660243596.428743,104.4
1660243596.448754,106.8
1660243596.468759,104.6
1660243596.48875,106.4
1660243596.508783,105.3
1660243596.528762,105.8
1660243596.548764,106.2
1660243596.568788,107.0
1660243596.588745,103.3
1660243596.608706,106.9
1660243596.628769,104.4
1660243596.648667,106.4
1660243596.668686,106.0
1660243596.688666,105.5
1660243596.708656,106.2
1660243596.728656,104.4
1660243596.748671,106.9
1660243596.768697,106.1
1660243596.78867,106.8
1660243596.808752,105.7
1660243596.828587,105.6
1660243596.848592,105.3
1660243596.868589,105.9
1660243596.888576,105.8
1660243596.908595,107.0
1660243596.928598,106.6
1660243596.948571,105.6
1660243596.968596,105.3
1660243596.988576,104.1
1660243597.008601,106.9
1660243597.028596,105.2
1660243597.048584,105.7
1660243597.06861,105.8
1660243597.0885,105.0
1660243597.108486,106.4
1660243597.128488,106.0
1660243597.148534,106.3
1660243597.168505,105.9
1660243597.188487,105.6
1660243597.208494,105.3
1660243597.228524,104.7
1660243597.248485,105.0
1660243597.268483,106.4
1660243597.288483,104.9
1660243597.309379,106.3
1660243597.329376,105.7
1660243597.34839,105.8
1660243597.368375,105.7
1660243597.388434,106.1
1660243597.409382,105.6
1660243597.429272,105.4
1660243597.449276,105.6
1660243597.469274,106.8
1660243597.489277,104.4
1660243597.509274,107.3
1660243597.52933,106.2
1660243597.549161,105.5
1660243597.569174,106.1
1660243597.589151,104.8
1660243597.609163,104.5
1660243597.629156,106.3
1660243597.649165,107.3
1660243597.669225,106.4
1660243597.689158,106.0
1660243597.709168,103.4
1660243597.729169,106.5
1660243597.749187,103.5
1660243597.769021,107.0
1660243597.789042,105.7
1660243597.809043,105.5
1660243597.829036,106.2
1660243597.849013,104.7
1660243597.869044,106.8
1660243597.888948,105.0
1660243597.908919,106.4
1660243597.928915,104.8
1660243597.948926,106.6
1660243597.968922,105.5
1660243597.988956,104.7
1660243598.008852,106.4
1660243598.028841,105.1
1660243598.048876,105.9
1660243598.068824,105.9
1660243598.088817,104.7
1660243598.10885,106.5
1660243598.12882,105.1
1660243598.14882,106.1
1660243598.168818,106.1
1660243598.188739,104.5
1660243598.208733,106.6
1660243598.228714,104.9
1660243598.248712,106.1
1660243598.268739,104.9
1660243598.288722,106.3
1660243598.30872,104.6
1660243598.328715,106.5
1660243598.348718,104.2
1660243598.368718,106.7
1660243598.38863,104.7
1660243598.408617,104.9
1660243598.428617,103.9
1660243598.448633,107.4
1660243598.46864,106.1
1660243598.488622,104.8
1660243598.508648,106.6
1660243598.528659,106.0
1660243598.54852,106.9
1660243598.568518,106.1
1660243598.588523,103.6
1660243598.608548,107.0
1660243598.628548,105.6
1660243598.648524,105.5
1660243598.66855,106.3
1660243598.688526,106.0
1660243598.708528,106.1
1660243598.728526,105.7
1660243598.74842,106.3
1660243598.768447,106.4
1660243598.789427,106.3
1660243598.808433,105.6
1660243598.828428,106.3
1660243598.848367,105.7
1660243598.868466,106.6
1660243598.888322,104.1
1660243598.909385,107.3
1660243598.929339,105.0
1660243598.949362,106.5
1660243598.969345,105.4
1660243598.988308,104.5
1660243599.009254,106.6
1660243599.029342,104.7
1660243599.049231,104.6
1660243599.069202,106.4
1660243599.08925,104.4
1660243599.109206,105.4
1660243599.129203,106.5
1660243599.149209,105.3
1660243599.169203,105.7
1660243599.189152,105.1
1660243599.209202,105.0
1660243599.229144,105.5
1660243599.249062,105.2
1660243599.269055,104.9
1660243599.289098,106.4
1660243599.309109,104.8
1660243599.329142,106.4
1660243599.349076,105.8
1660243599.369107,105.4
1660243599.389058,103.8
1660243599.409134,106.6
1660243599.429128,104.6
1660243599.448956,104.4
1660243599.468954,106.8
1660243599.488973,104.8
1660243599.509018,104.9
1660243599.52898,106.2
1660243599.548889,105.2
1660243599.568872,105.0
1660243599.588873,105.6
1660243599.608876,105.0
1660243599.628874,105.2
1660243599.648908,105.1
1660243599.668865,105.3
1660243599.68888,105.9
1660243599.708865,105.4
1660243599.728866,104.1
1660243599.748784,106.9
1660243599.768769,104.2
1660243599.788775,106.7
1660243599.80878,105.1
1660243599.828781,106.0
1660243599.848778,106.4
1660243599.868786,106.0
1660243599.888764,104.5
1660243599.908799,107.0
1660243599.928775,105.6
1660243599.948658,105.8
1660243599.968684,106.5
1660243599.988683,106.1
1660243600.008678,106.3
1660243600.028678,106.3
1660243600.048686,106.1
1660243600.06858,106.1
1660243600.088562,106.3
1660243600.108573,105.6
1660243600.12857,106.6
1660243600.148565,106.3
1660243600.168559,105.9
1660243600.188626,106.0
1660243600.208609,106.3
1660243600.228596,106.4
1660243600.248562,106.2
1660243600.268565,105.6
1660243600.288499,104.9
1660243600.308536,106.4
1660243600.328476,106.1
1660243600.348478,104.9
1660243600.368464,105.0
1660243600.388479,105.7
1660243600.408464,104.7
1660243600.428485,105.4
1660243600.448381,105.3
1660243600.468505,105.7
1660243600.489455,105.2
1660243600.509382,105.7
1660243600.528399,106.3
1660243600.548385,105.9
1660243600.568287,105.8
1660243600.589383,105.4
1660243600.609371,105.3
1660243600.629297,104.7
1660243600.649315,107.7
1660243600.669265,106.3
1660243600.689292,105.2
1660243600.709288,104.8
1660243600.72927,106.4
1660243600.749207,103.2
1660243600.769212,107.5
1660243600.789297,105.9
1660243600.809211,106.0
1660243600.829123,104.8
1660243600.849177,105.8
1660243600.869129,105.8
1660243600.889106,105.3
1660243600.90914,105.2
1660243600.929025,106.4
1660243600.94905,105.5
1660243600.969018,105.8
1660243600.989022,104.4
1660243601.009024,106.4
1660243601.029031,105.0
1660243601.049026,104.1
1660243601.069036,106.0
1660243601.088931,105.0
1660243601.108967,105.2
1660243601.128952,106.0
1660243601.148847,106.3
1660243601.168855,105.2
1660243601.188853,106.0
1660243601.208858,105.1
1660243601.228918,105.6
1660243601.248864,105.4
1660243601.268873,104.6
1660243601.288825,106.6
1660243601.308851,104.4
1660243601.32883,106.9
1660243601.348835,106.1
1660243601.36885,106.0
1660243601.38885,105.7
1660243601.408834,105.8
1660243601.428861,106.0
1660243601.448749,105.6
1660243601.468735,105.9
1660243601.488789,104.8
1660243601.508732,106.8
1660243601.528755,104.8
1660243601.548802,107.4
1660243601.568652,107.2
1660243601.588715,106.6
1660243601.608691,106.3
1660243601.628627,112.1
1660243601.64869,105.4
1660243601.668636,106.5
1660243601.688636,106.7
1660243601.708654,106.2
1660243601.728637,106.3
1660243601.748652,106.3
1660243601.76863,106.9
1660243601.788556,106.3
1660243601.808608,106.3
1660243601.828536,106.8
1660243601.848536,106.6
1660243601.868543,106.7
1660243601.888574,106.7
1660243601.908649,106.4
1660243601.928568,106.5
1660243601.948573,106.6
1660243601.968549,106.3
1660243601.988554,106.7
1660243602.008573,106.8
1660243602.02844,106.6
1660243602.048464,106.8
1660243602.068466,106.8
1660243602.088439,106.7
1660243602.108445,106.5
1660243602.128361,106.4
1660243602.148344,106.5
1660243602.169322,106.6
1660243602.188322,106.5
1660243602.209338,106.7
1660243602.229349,106.4
1660243602.249328,106.5
1660243602.269324,106.8
1660243602.28938,106.5
1660243602.309249,106.2
1660243602.329242,106.2
1660243602.349221,106.4
1660243602.369245,106.3
1660243602.388278,106.5
1660243602.408267,106.6
1660243602.42918,106.2
1660243602.449207,106.3
1660243602.469206,106.3
1660243602.489188,106.6
1660243602.508192,106.2
1660243602.529183,106.8
1660243602.549188,106.3
1660243602.569192,106.6
1660243602.589246,106.6
1660243602.6092,106.3
1660243602.6292,106.3
1660243602.649201,106.3
1660243602.669196,106.9
1660243602.6892,106.7
1660243602.709181,106.3
1660243602.729092,105.7
1660243602.749195,106.7
1660243602.76911,106.6
1660243602.789096,106.6
1660243602.809132,106.6
1660243602.829126,106.3
1660243602.849094,106.6
1660243602.869098,106.4
1660243602.889051,106.9
1660243602.908994,106.8
1660243602.929004,106.4
1660243602.948994,106.8
1660243602.968994,106.5
1660243602.989,106.5
1660243603.009006,106.3
1660243603.028918,106.6
1660243603.048921,107.2
1660243603.068895,106.5
1660243603.088901,106.9
1660243603.108999,107.0
1660243603.128976,106.7
1660243603.148881,106.3
1660243603.168892,106.3
1660243603.188794,106.5
1660243603.208902,106.4
1660243603.228891,106.6
1660243603.248832,106.7
1660243603.268796,106.6
1660243603.288814,106.8
1660243603.308792,107.4
1660243603.328794,108.3
1660243603.348799,109.1
1660243603.368814,105.9
1660243603.388805,106.4
1660243603.408804,106.4
1660243603.428698,106.4
1660243603.448701,106.4
1660243603.46868,106.6
1660243603.488739,106.3
1660243603.508691,106.3
1660243603.528699,106.9
1660243603.548684,107.0
1660243603.568683,106.5
1660243603.588703,106.1
1660243603.608688,106.2
1660243603.628702,106.3
1660243603.648616,108.2
1660243603.668584,110.3
1660243603.688606,105.2
1660243603.708588,106.3
1660243603.728614,106.3
1660243603.748567,106.4
1660243603.7685,106.8
1660243603.788508,106.8
1660243603.8085,106.5
1660243603.828508,106.6
1660243603.848497,106.6
1660243603.868401,106.6
1660243603.88838,106.3
1660243603.909499,106.8
1660243603.929502,106.5
1660243603.948387,105.8
1660243603.968385,107.5
1660243603.98839,106.7
1660243604.008268,106.6
1660243604.029324,106.3
1660243604.048261,106.3
1660243604.068242,106.7
1660243604.088267,106.6
1660243604.108273,106.8
1660243604.129277,107.8
1660243604.149257,107.3
1660243604.169244,107.7
1660243604.188265,106.5
1660243604.208257,106.7
1660243604.229247,106.3
1660243604.249142,106.4
1660243604.26931,106.1
1660243604.28915,106.5
1660243604.309146,106.4
1660243604.329152,106.3
1660243604.349128,106.7
1660243604.369096,106.3
1660243604.389138,106.6
1660243604.409148,106.2
1660243604.429126,106.3
1660243604.449194,106.6
1660243604.46906,106.3
1660243604.489078,106.2
1660243604.50903,106.5
1660243604.529034,106.5
1660243604.548952,106.9
1660243604.568943,106.5
1660243604.588943,106.2
1660243604.608967,106.4
1660243604.628941,106.2
1660243604.648954,106.3
1660243604.668935,106.2
1660243604.688847,106.4
1660243604.708901,106.5
1660243604.728906,106.3
1660243604.748825,106.6
1660243604.768847,107.0
1660243604.788846,106.7
1660243604.808846,106.4
1660243604.828831,106.6
1660243604.848834,106.4
1660243604.868741,106.5
1660243604.888758,106.5
1660243604.908809,106.4
1660243604.928837,106.6
1660243604.94877,106.5
1660243604.968884,107.2
1660243604.98865,107.0
1660243605.008653,106.0
1660243605.028636,106.4
1660243605.048638,106.0
1660243605.068743,106.3
1660243605.088622,106.3
1660243605.108554,106.4
1660243605.128702,106.7
1660243605.1486,106.5
1660243605.168583,106.5
1660243605.188623,107.1
1660243605.208598,107.3
1660243605.228654,106.1
1660243605.24858,106.5
1660243605.268431,106.3
1660243605.28846,106.3
1660243605.308512,106.3
1660243605.328436,106.3
1660243605.34838,106.9
1660243605.368487,106.2
1660243605.388376,106.4
1660243605.408472,107.2
1660243605.428374,106.5
1660243605.448292,106.2
1660243605.468282,106.2
1660243605.488284,106.5
1660243605.508294,106.1
1660243605.528286,106.2
1660243605.548281,106.3
1660243605.568284,107.3
1660243605.588276,106.6
1660243605.609229,106.9
1660243605.629213,106.4
1660243605.6492,105.9
1660243605.66918,106.4
1660243605.689137,106.3
1660243605.708216,106.3
1660243605.729092,106.3
1660243605.749146,106.5
1660243605.769135,106.7
1660243605.789123,107.4
1660243605.809115,107.5
1660243605.82913,106.1
1660243605.84909,106.4
1660243605.868987,107.4
1660243605.889023,106.9
1660243605.908986,106.1
1660243605.92899,106.4
1660243605.949011,106.3
1660243605.968992,106.7
1660243605.989045,106.0
1660243606.008933,106.7
1660243606.028888,106.2
1660243606.048968,106.8
1660243606.068962,106.3
1660243606.088896,107.3
1660243606.108809,106.5
1660243606.1288,106.1
1660243606.148814,107.0
1660243606.168791,106.5
1660243606.188783,106.8
1660243606.208719,106.8
1660243606.22879,106.6
1660243606.248842,106.5
1660243606.268696,105.8
1660243606.288717,106.3
1660243606.308757,106.1
1660243606.328725,106.4
1660243606.348692,106.3
1660243606.368703,106.6
1660243606.388625,106.8
1660243606.408639,106.3
1660243606.428521,106.6
1660243606.448591,106.3
1660243606.468558,106.6
1660243606.488513,105.9
1660243606.508487,106.5
1660243606.528529,105.9
1660243606.548517,106.9
1660243606.568496,106.7
1660243606.5885,106.6
1660243606.608419,106.3
1660243606.628431,106.5
1660243606.648518,108.7
1660243606.668493,112.4
1660243606.688508,107.8
1660243606.708459,106.5
1660243606.728338,106.6
1660243606.748331,106.3
1660243606.768326,106.0
1660243606.788372,105.9
1660243606.808332,106.1
1660243606.828328,105.0
1660243606.848331,106.6
1660243606.868332,105.6
1660243606.888259,105.8
1660243606.908261,105.7
1660243606.928227,105.5
1660243606.948228,105.6
1660243606.968301,105.8
1660243606.988258,105.8
1660243607.009133,105.2
1660243607.029161,106.1
1660243607.049152,105.8
1660243607.068124,105.6
1660243607.088114,106.6
1660243607.109163,104.9
1660243607.129135,106.5
1660243607.149054,107.2
1660243607.169032,107.0
1660243607.189087,105.2
1660243607.209046,105.6
1660243607.22909,105.7
1660243607.249043,106.2
1660243607.269119,106.5
1660243607.289027,105.8
1660243607.309025,104.9
1660243607.32894,106.3
1660243607.348947,106.3
1660243607.368952,106.7
1660243607.388937,106.3
1660243607.408945,105.8
1660243607.429042,105.0
1660243607.448978,106.1
1660243607.468924,105.8
1660243607.488918,105.9
1660243607.508825,105.2
1660243607.528845,106.1
1660243607.54882,106.1
1660243607.568823,105.3
1660243607.588826,105.9
1660243607.608782,105.4
1660243607.628867,105.7
1660243607.648752,105.2
1660243607.668729,105.1
1660243607.688739,105.3
1660243607.708658,105.8
1660243607.72863,105.4
1660243607.748648,105.7
1660243607.768649,105.6
1660243607.788696,105.8
1660243607.808635,105.4
1660243607.828628,105.5
1660243607.848687,105.3
1660243607.868515,105.1
1660243607.888537,106.0
1660243607.908707,105.1
1660243607.928615,105.5
1660243607.948541,105.7
1660243607.968566,105.4
1660243607.988557,105.7
1660243608.008575,105.4
1660243608.028521,105.0
1660243608.048373,105.9
1660243608.068417,106.1
1660243608.088457,106.7
1660243608.108429,106.3
1660243608.1284,104.0
1660243608.148382,106.5
1660243608.168384,106.1
1660243608.188276,104.8
1660243608.208331,106.1
1660243608.228352,105.6
1660243608.248343,105.1
1660243608.268316,104.6
1660243608.288277,106.5
1660243608.308228,104.3
1660243608.328175,105.6
1660243608.348173,105.9
1660243608.368198,104.2
1660243608.389185,106.2
1660243608.40918,105.4
1660243608.42818,104.7
1660243608.44818,106.1
1660243608.468073,105.5
1660243608.488079,104.1
1660243608.509109,106.5
1660243608.529077,104.6
1660243608.549074,105.9
1660243608.568978,104.5
1660243608.58896,106.4
1660243608.648976,105.8
1660243608.669008,105.9
1660243608.688997,104.8
1660243608.708982,106.3
1660243608.728899,106.2
1660243608.748874,106.0
1660243608.768865,106.1
1660243608.788878,106.3
1660243608.808932,106.2
1660243608.828882,105.5
1660243608.848882,105.3
1660243608.868888,106.7
1660243608.888889,106.1
1660243608.908902,104.9
1660243608.928805,105.8
1660243608.948875,105.3
1660243608.968791,105.6
1660243608.988787,104.9
1660243609.00881,105.5
1660243609.028828,105.8
1660243609.048793,104.8
1660243609.068697,105.8
1660243609.088726,106.5
1660243609.108709,105.4
1660243609.128683,105.2
1660243609.148604,105.2
1660243609.168611,105.4
1660243609.188602,106.2
1660243609.2086,104.9
1660243609.2286,106.2
1660243609.248603,105.1
1660243609.268537,104.9
1660243609.288616,105.5
1660243609.308497,105.4
1660243609.328501,105.4
1660243609.348568,105.1
1660243609.368569,104.7
1660243609.388506,105.8
1660243609.408406,104.9
1660243609.42843,105.3
1660243609.448431,106.3
1660243609.468418,104.5
1660243609.488548,104.7
1660243609.508436,105.4
1660243609.528379,105.7
1660243609.548349,105.2
1660243609.56831,105.6
1660243609.588334,104.7
1660243609.608352,105.5
1660243609.628321,104.4
1660243609.648318,107.1
1660243609.668276,106.7
1660243609.688259,105.9
1660243609.70827,105.3
1660243609.728254,103.4
1660243609.748212,106.8
1660243609.768131,105.9
1660243609.789238,105.9
1660243609.808166,104.3
1660243609.828162,105.9
1660243609.848201,105.1
1660243609.868127,105.0
1660243609.889213,106.5
1660243609.90903,106.1
1660243609.929037,105.0
1660243609.949066,105.9
1660243609.968982,105.4
1660243609.988932,105.8
1660243610.009059,105.4
1660243610.02894,106.4
1660243610.048953,105.2
1660243610.06888,106.1
1660243610.088885,106.1
1660243610.10884,105.4
1660243610.128826,106.3
1660243610.14884,106.3
1660243610.168735,105.4
1660243610.188721,105.8
1660243610.208723,106.1
1660243610.228741,104.9
1660243610.248741,105.4
1660243610.268758,105.5
1660243610.28874,105.0
1660243610.308639,106.3
1660243610.328641,104.7
1660243610.348624,105.9
1660243610.368647,104.5
1660243610.388629,104.9
1660243610.408627,105.7
1660243610.428639,105.7
1660243610.448608,106.7
1660243610.468549,105.1
1660243610.488452,106.1
1660243610.508461,105.6
1660243610.52845,103.9
1660243610.548451,106.3
1660243610.56847,106.0
1660243610.588352,108.3
1660243610.608411,106.4
1660243610.628338,105.8
1660243610.648361,106.2
1660243610.66834,105.7
1660243610.688366,105.2
1660243610.708344,106.6
1660243610.728365,107.0
1660243610.748357,107.2
1660243610.768347,109.0
1660243610.788261,106.1
1660243610.80828,105.9
1660243610.828262,105.7
1660243610.848291,106.0
1660243610.868271,106.0
1660243610.888278,106.2
1660243610.908267,106.4
1660243610.928167,107.2
1660243610.948164,106.3
1660243610.968164,105.8
1660243610.988195,106.3
1660243611.008186,106.2
1660243611.028154,105.8
1660243611.048152,105.2
1660243611.069174,106.7
1660243611.08809,106.8
1660243611.108074,106.0
1660243611.128069,106.6
1660243611.14807,106.3
1660243611.169069,106.1
1660243611.189072,105.3
1660243611.208964,106.3
1660243611.228996,107.1
1660243611.248966,106.7
1660243611.269035,105.9
1660243611.288978,105.7
1660243611.308963,105.7
1660243611.328957,106.4
1660243611.348954,106.9
1660243611.368956,108.3
1660243611.388956,106.1
1660243611.408878,106.3
1660243611.428887,105.8
1660243611.448862,106.0
1660243611.468887,105.8
1660243611.488862,104.8
1660243611.508878,106.3
1660243611.528897,106.0
1660243611.548869,106.8
1660243611.568794,106.3
1660243611.588769,106.0
1660243611.608838,105.8
1660243611.628911,105.4
1660243611.648758,105.6
1660243611.668804,106.1
1660243611.688659,105.8
1660243611.708688,107.4
1660243611.72866,107.2
1660243611.748686,108.8
1660243611.768661,108.2
1660243611.788654,108.8
1660243611.808654,106.4
1660243611.828681,106.2
1660243611.848596,105.6
1660243611.86868,106.1
1660243611.888685,105.8
1660243611.908673,106.1
1660243611.928508,106.2
1660243611.94858,106.6
1660243611.968531,106.7
1660243611.988509,106.5
1660243612.008521,106.6
1660243612.028532,106.3
1660243612.048544,106.3
1660243612.068529,105.6
1660243612.088407,106.0
1660243612.108436,109.0
1660243612.128421,106.7
1660243612.148419,106.3
1660243612.168435,105.7
1660243612.188442,105.9
1660243612.208436,106.0
1660243612.228425,106.1
1660243612.248469,105.9
1660243612.26847,107.0
1660243612.288423,107.0
1660243612.308448,108.9
1660243612.328317,106.3
1660243612.348348,108.3
1660243612.368319,105.5
1660243612.388333,106.1
1660243612.408333,105.8
1660243612.428388,106.1
1660243612.44824,105.8
1660243612.468237,105.3
1660243612.488214,106.3
1660243612.508265,107.1
1660243612.528222,106.3
1660243612.54822,104.3
1660243612.568216,106.3
1660243612.588233,106.0
1660243612.608143,106.1
1660243612.628131,105.0
1660243612.64812,107.9
1660243612.668119,108.5
1660243612.688146,105.6
1660243612.708119,105.7
1660243612.728123,105.8
1660243612.748168,105.5
1660243612.769124,106.8
1660243612.789112,106.6
1660243612.808025,106.7
1660243612.829025,105.9
1660243612.848059,106.0
1660243612.869023,106.2
1660243612.889018,106.0
1660243612.909006,106.0
1660243612.928922,104.8
1660243612.948917,106.6
1660243612.968897,107.1
1660243612.988926,106.8
1660243613.008943,106.9
1660243613.028934,106.8
1660243613.048815,106.8
1660243613.068832,106.5
1660243613.088827,107.0
1660243613.108827,107.3
1660243613.128837,106.6
1660243613.148807,106.7
1660243613.168724,106.5
1660243613.188739,106.5
1660243613.208724,106.7
1660243613.228725,107.3
1660243613.248767,106.1
1660243613.268737,106.3
1660243613.288676,106.6
1660243613.308651,106.5
1660243613.328644,106.7
1660243613.348558,106.6
1660243613.368552,106.3
1660243613.388557,106.3
1660243613.408545,106.7
1660243613.428609,106.3
1660243613.44856,106.5
1660243613.468541,106.7
1660243613.488548,106.3
1660243613.508567,109.6
1660243613.528541,106.0
1660243613.548567,106.1
1660243613.568459,105.5
1660243613.588457,105.0
1660243613.608458,104.1
1660243613.62847,106.3
1660243613.648468,104.5
1660243613.668528,105.9
1660243613.688383,105.7
1660243613.708347,104.8
1660243613.728362,104.9
1660243613.748305,106.3
1660243613.768261,105.2
1660243613.788264,105.7
1660243613.808255,106.0
1660243613.828254,106.2
1660243613.848246,105.9
1660243613.868296,105.0
1660243613.888274,105.1
1660243613.908281,106.6
1660243613.928188,105.5
1660243613.948165,105.1
1660243613.968207,104.7
1660243613.988242,106.2
1660243614.008093,105.8
1660243614.028179,105.3
1660243614.04807,106.0
1660243614.068073,104.2
1660243614.088062,106.0
1660243614.108065,106.3
1660243614.128158,106.4
1660243614.149017,106.3
1660243614.168971,104.0
1660243614.189,105.6
1660243614.20797,106.3
1660243614.228975,104.4
1660243614.248966,106.0
1660243614.268922,105.0
1660243614.288893,105.1
1660243614.30887,106.3
1660243614.328862,103.8
1660243614.348877,106.3
1660243614.368873,104.2
1660243614.388932,106.2
1660243614.408911,104.9
1660243614.428877,105.8
1660243614.448943,105.6
1660243614.46878,104.6
1660243614.488787,104.8
1660243614.508828,106.1
1660243614.528756,104.3
1660243614.548768,105.7
1660243614.56882,105.8
1660243614.588752,104.3
1660243614.608765,106.2
1660243614.62878,104.8
1660243614.648706,105.9
1660243614.668695,104.6
1660243614.688703,105.7
1660243614.70879,104.9
1660243614.728768,104.6
1660243614.748777,106.1
1660243614.768782,106.0
1660243614.78871,104.7
1660243614.8087,106.3
1660243614.82869,105.2
1660243614.848622,105.8
1660243614.868625,106.2
1660243614.888666,105.9
1660243614.90862,106.2
1660243614.928615,105.7
1660243614.948672,106.2
1660243614.968585,105.0
1660243614.988523,105.7
1660243615.008533,106.2
1660243615.028663,106.1
1660243615.048509,107.5
1660243615.068608,105.8
1660243615.088545,105.1
1660243615.108536,107.6
1660243615.128503,111.7
1660243615.148516,104.7
1660243615.168501,103.2
1660243615.18845,106.3
1660243615.208432,105.8
1660243615.228419,104.5
1660243615.248436,106.2
1660243615.268455,104.8
1660243615.28846,105.9
1660243615.308411,105.3
1660243615.328359,105.8
1660243615.348457,104.7
1660243615.368323,106.1
1660243615.388407,104.7
1660243615.408415,106.3
1660243615.428358,104.1
1660243615.448312,106.3
1660243615.468377,103.9
1660243615.488443,106.3
1660243615.508477,104.9
1660243615.528382,104.4
1660243615.548331,105.7
1660243615.568274,103.8
1660243615.588332,106.0
1660243615.608248,104.4
1660243615.628259,105.3
1660243615.648251,106.7
1660243615.668217,107.3
1660243615.688226,105.9
1660243615.708215,105.7
1660243615.728245,103.5
1660243615.748141,105.0
1660243615.768146,106.0
1660243615.788142,104.8
1660243615.808223,106.0
1660243615.82815,106.2
1660243615.848143,106.0
1660243615.868206,104.6
1660243615.888126,106.3
1660243615.908143,104.6
1660243615.92814,105.0
1660243615.948038,105.8
1660243615.968061,104.6
1660243615.988053,104.8
1660243616.008025,106.1
1660243616.027947,105.0
1660243616.048019,105.3
1660243616.068936,106.1
1660243616.088922,104.6
1660243616.108943,106.2
1660243616.128906,103.4
1660243616.148803,106.3
1660243616.168837,104.7
1660243616.188803,106.0
1660243616.208887,105.1
1660243616.228817,107.0
1660243616.248862,106.7
1660243616.268818,106.1
1660243616.28874,105.4
1660243616.308741,105.9
1660243616.328686,103.5
1660243616.348661,106.5
1660243616.368667,106.3
1660243616.388667,105.5
1660243616.408686,104.7
1660243616.428712,106.2
1660243616.448683,106.2
1660243616.468677,106.0
1660243616.488595,104.8
1660243616.508573,106.2
1660243616.528566,104.7
1660243616.548573,105.2
1660243616.568484,106.5
1660243616.588467,105.0
1660243616.608464,106.3
1660243616.62846,104.6
1660243616.648494,105.7
1660243616.668488,105.5
1660243616.688491,104.7
1660243616.708485,105.0
1660243616.728465,106.3
1660243616.748522,104.8
1660243616.768464,106.3
1660243616.788363,105.7
1660243616.808389,104.5
1660243616.828369,105.7
1660243616.848414,105.7
1660243616.868361,105.1
1660243616.888368,105.5
1660243616.908367,105.9
1660243616.928291,104.2
1660243616.948266,105.9
1660243616.968268,106.1
1660243616.988248,103.6
1660243617.008256,106.2
1660243617.028346,105.8
1660243617.048313,105.0
1660243617.068275,105.1
1660243617.088192,106.0
1660243617.108319,105.0
1660243617.12815,106.1
1660243617.148206,104.4
1660243617.168153,105.2
1660243617.188136,106.0
1660243617.208053,104.4
1660243617.228062,105.8
1660243617.248145,104.3
1660243617.268065,106.3
1660243617.288048,104.4
1660243617.308048,105.8
1660243617.328008,105.6
1660243617.34906,104.2
1660243617.369057,105.4
1660243617.387955,106.7
1660243617.407964,105.9
1660243617.427967,104.5
1660243617.448057,106.1
1660243617.468912,106.5
1660243617.488922,103.8
1660243617.508919,106.6
1660243617.528959,106.1
1660243617.548863,105.0
1660243617.568857,105.9
1660243617.588846,104.5
1660243617.608874,106.4
1660243617.628857,105.0
1660243617.648742,106.1
1660243617.668746,105.8
1660243617.688746,104.9
1660243617.708779,106.5
1660243617.72881,106.1
1660243617.748804,104.7
1660243617.768755,106.6
1660243617.788658,104.3
1660243617.808704,106.2
1660243617.828663,104.5
1660243617.848548,105.0
1660243617.868617,105.9
1660243617.888596,105.8
1660243617.908614,105.5
1660243617.928597,104.5
1660243617.948514,106.1
1660243617.968508,104.3
1660243617.988523,106.3
1660243618.008514,104.2
1660243618.028513,105.3
1660243618.048511,105.1
1660243618.068522,106.5
1660243618.088417,106.0
1660243618.108412,105.6
1660243618.128395,105.0
1660243618.148491,105.8
1660243618.168413,104.0
1660243618.1884,106.1
1660243618.208412,104.5
1660243618.228424,104.6
1660243618.248412,106.3
1660243618.268425,104.4
1660243618.288421,106.0
1660243618.308359,105.0
1660243618.32832,104.7
1660243618.34833,105.7
1660243618.368327,104.6
1660243618.388234,105.6
1660243618.40826,104.4
1660243618.428271,104.5
1660243618.448275,105.0
1660243618.468226,106.7
1660243618.488227,104.1
1660243618.508209,106.2
1660243618.528098,105.9
1660243618.548196,105.9
1660243618.568132,106.3
1660243618.588116,104.0
1660243618.608105,104.9
1660243618.628141,104.5
1660243618.648106,107.3
1660243618.668022,106.9
1660243618.68805,106.3
1660243618.708038,107.3
1660243618.728058,105.7
1660243618.74801,105.9
1660243618.768028,104.9
1660243618.787939,106.4
1660243618.807903,104.4
1660243618.828907,106.5
1660243618.848902,105.0
1660243618.868929,106.4
1660243618.888903,104.9
1660243618.908913,106.5
1660243618.928843,106.3
1660243618.948989,104.6
1660243618.968973,106.8
1660243618.988928,104.3
1660243619.008938,106.3
1660243619.028901,105.5
1660243619.048755,105.5
1660243619.068812,105.7
1660243619.08877,105.2
1660243619.108837,105.7
1660243619.128688,105.1
1660243619.148652,104.7
1660243619.168682,106.6
1660243619.188704,105.5
1660243619.208603,104.9
1660243619.228586,106.4
1660243619.2486,102.8
1660243619.268572,106.6
1660243619.288581,104.3
1660243619.308567,106.5
1660243619.328589,105.9
1660243619.34862,107.3
1660243619.368468,105.9
1660243619.388486,105.1
1660243619.408499,104.7
1660243619.428574,104.0
1660243619.448489,105.0
1660243619.468605,106.3
1660243619.48865,104.0
1660243619.508468,106.7
1660243619.528656,103.5
1660243619.548408,106.5
1660243619.568468,104.6
1660243619.588474,104.5
1660243619.60846,106.1
1660243619.628361,105.7
1660243619.64843,104.1
1660243619.668357,106.4
1660243619.688355,107.7
1660243619.708275,104.1
1660243619.728278,106.2
1660243619.748258,105.0
1660243619.768378,104.9
1660243619.788259,104.8
1660243619.808253,106.6
1660243619.828263,104.2
1660243619.84837,105.9
1660243619.868346,104.8
1660243619.88825,105.1
1660243619.908288,105.8
1660243619.928179,104.8
1660243619.948232,105.7
1660243619.968186,105.3
1660243619.98821,105.3
1660243620.008195,106.2
1660243620.028192,105.0
1660243620.048092,105.6
1660243620.068059,106.2
1660243620.088064,103.8
1660243620.108062,106.9
1660243620.12807,106.2
1660243620.148171,104.1
1660243620.168087,107.3
1660243620.187987,106.3
1660243620.207957,106.0
1660243620.228954,105.7
1660243620.248942,104.4
1660243620.268973,106.1
1660243620.288951,104.5
1660243620.307981,106.0
1660243620.328084,104.2
1660243620.348964,106.1
1660243620.368902,104.6
1660243620.388923,106.3
1660243620.407836,105.9
1660243620.42786,105.3
1660243620.44878,104.2
1660243620.468768,106.3
1660243620.488807,104.4
1660243620.508848,105.7
1660243620.528818,104.6
1660243620.548786,105.3
1660243620.568822,105.1
1660243620.588752,105.6
1660243620.608865,104.9
1660243620.628738,104.9
1660243620.648867,105.3
1660243620.668776,104.5
1660243620.688699,105.4
1660243620.708716,104.3
1660243620.728719,105.9
1660243620.748612,106.2
1660243620.768771,105.9
1660243620.788654,105.1
1660243620.808642,105.1
1660243620.828615,105.2
1660243620.848513,104.9
1660243620.868512,105.7
1660243620.888583,104.5
1660243620.908572,106.7
1660243620.928508,104.4
1660243620.9485,106.2
1660243620.968519,105.9
1660243620.9884,104.6
1660243621.008452,106.4
1660243621.028398,105.4
1660243621.048453,104.4
1660243621.068536,105.2
1660243621.08833,105.8
1660243621.108418,104.7
1660243621.128404,106.5
1660243621.14847,104.9
1660243621.168285,105.7
1660243621.188296,105.6
1660243621.208389,104.1
1660243621.228355,106.3
1660243621.24832,104.1
1660243621.268372,105.9
1660243621.2883,104.2
1660243621.308341,106.6
1660243621.328341,104.3
1660243621.348223,106.2
1660243621.368268,106.2
1660243621.388229,104.4
1660243621.408287,105.2
1660243621.428242,104.7
1660243621.448266,106.1
1660243621.468086,105.6
1660243621.48816,104.5
1660243621.508099,106.8
1660243621.528134,106.0
1660243621.54815,105.1
1660243621.56817,106.5
1660243621.588106,105.7
1660243621.608051,105.4
1660243621.628998,106.2
1660243621.648055,105.2
1660243621.668023,107.2
1660243621.688049,105.7
1660243621.707998,105.8
1660243621.728929,105.7
1660243621.747991,104.8
1660243621.767998,106.9
1660243621.788048,106.0
1660243621.808078,104.4
1660243621.829011,106.5
1660243621.847854,104.5
1660243621.867944,104.3
1660243621.887867,106.2
1660243621.908042,104.6
1660243621.92889,105.1
1660243621.947859,105.8
1660243621.968899,106.1
1660243621.987866,105.1
1660243622.007866,106.3
1660243622.028805,104.5
1660243622.04888,104.9
1660243622.068751,105.9
1660243622.088769,104.6
1660243622.108744,105.0
1660243622.128768,106.4
1660243622.148667,104.2
1660243622.168642,106.5
1660243622.188685,105.0
1660243622.208716,104.3
1660243622.228691,106.3
1660243622.248643,103.8
1660243622.268634,105.9
1660243622.288654,104.6
1660243622.308704,105.0
1660243622.328706,104.6
1660243622.348733,105.6
1660243622.368648,106.0
1660243622.388582,104.2
1660243622.408605,106.3
1660243622.428549,104.4
1660243622.448558,105.0
1660243622.468555,105.1
1660243622.488614,104.6
1660243622.50854,105.6
1660243622.528502,107.5
1660243622.54853,105.2
1660243622.568486,104.9
1660243622.588556,105.2
1660243622.608484,105.3
1660243622.628443,104.2
1660243622.648511,105.2
1660243622.668339,105.1
1660243622.688397,105.0
1660243622.708335,105.2
1660243622.728438,104.9
1660243622.748437,106.4
1660243622.768506,105.2
1660243622.788404,106.2
1660243622.80826,104.7
1660243622.828335,106.3
1660243622.848375,105.0
1660243622.868308,106.2
1660243622.888433,105.2
1660243622.908389,105.2
1660243622.928302,106.6
1660243622.948169,104.9
1660243622.968246,106.7
1660243622.988252,105.9
1660243623.008205,106.9
1660243623.028057,107.0
1660243623.048065,105.8
1660243623.068067,106.6
1660243623.088047,107.6
1660243623.108045,106.8
1660243623.128049,105.4
1660243623.148148,103.6
1660243623.168046,106.9
1660243623.18802,105.7
1660243623.208049,105.3
1660243623.227994,104.3
1660243623.248106,106.5
1660243623.268011,105.8
1660243623.287971,104.6
1660243623.307962,104.4
1660243623.327918,106.9
1660243623.347888,107.3
1660243623.367966,106.2
1660243623.387896,105.8
1660243623.407962,103.6
1660243623.428874,106.1
1660243623.44893,104.1
1660243623.467919,106.4
1660243623.487888,104.7
1660243623.507798,105.3
1660243623.527786,105.4
1660243623.548819,104.4
1660243623.568807,106.9
1660243623.588695,104.4
1660243623.608652,105.3
1660243623.628702,106.7
1660243623.648776,104.1
1660243623.668777,106.3
1660243623.688786,103.6
1660243623.70876,106.0
1660243623.728766,104.1
1660243623.748789,106.3
1660243623.768626,107.3
1660243623.788615,106.6
1660243623.80866,105.6
1660243623.828676,105.9
1660243623.848622,105.1
1660243623.868692,105.5
1660243623.888576,104.5
1660243623.908666,106.2
1660243623.928596,104.5
1660243623.948545,104.8
1660243623.968553,106.1
1660243623.988486,105.5
1660243624.008471,105.1
1660243624.028495,108.3
1660243624.048578,104.5
1660243624.068454,106.4
1660243624.08844,104.1
1660243624.108325,106.8
1660243624.128323,106.0
1660243624.148356,104.9
1660243624.168313,106.7
1660243624.188438,106.4
1660243624.208439,106.3
1660243624.228411,105.9
1660243624.248298,104.3
1660243624.268284,106.5
1660243624.288244,104.8
1660243624.308293,105.6
1660243624.328257,105.1
1660243624.348288,105.9
1660243624.368316,105.3
1660243624.388213,105.4
1660243624.408223,105.4
1660243624.428161,105.5
1660243624.448106,104.9
1660243624.468188,104.7
1660243624.488137,106.3
1660243624.508144,105.3
1660243624.52816,104.5
1660243624.548195,104.8
1660243624.568171,105.6
1660243624.588175,104.6
1660243624.608087,105.9
1660243624.628091,105.2
1660243624.648009,105.8
1660243624.667987,107.4
1660243624.687884,106.6
1660243624.707997,105.4
1660243624.727886,105.1
1660243624.747924,104.1
1660243624.76785,106.6
1660243624.78785,105.7
1660243624.807849,105.1
1660243624.827857,106.3
1660243624.847849,104.1
1660243624.867831,106.1
1660243624.887837,103.9
1660243624.907895,106.4
1660243624.927859,104.9
1660243624.94792,105.0
1660243624.96793,105.2
1660243624.987843,106.3
1660243625.007824,104.6
1660243625.028802,106.3
1660243625.048748,105.6
1660243625.06775,105.4
1660243625.088706,105.3
1660243625.107734,106.0
1660243625.127765,105.6
1660243625.148767,105.1
1660243625.168709,106.3
1660243625.188657,105.6
1660243625.208682,105.3
1660243625.228711,106.1
1660243625.248718,104.5
1660243625.268619,106.2
1660243625.288584,105.6
1660243625.308587,104.3
1660243625.328626,105.7
1660243625.348642,104.9
1660243625.368667,105.8
1660243625.388534,106.4
1660243625.408495,105.0
1660243625.428552,106.3
1660243625.448546,105.2
1660243625.46848,106.3
1660243625.488554,105.0
1660243625.508578,106.3
1660243625.528614,106.1
1660243625.548473,105.5
1660243625.568452,104.9
1660243625.588464,106.1
1660243625.608491,106.3
1660243625.628512,104.6
1660243625.648471,105.8
1660243625.668406,105.4
1660243625.688358,103.9
1660243625.70837,106.4
1660243625.728447,106.1
1660243625.748534,105.9
1660243625.768427,104.8
1660243625.788432,105.8
1660243625.808444,104.7
1660243625.828404,106.4
1660243625.84839,105.1
1660243625.868358,105.9
1660243625.888444,106.3
1660243625.90847,104.9
1660243625.928391,106.1
1660243625.94838,105.1
1660243625.968381,105.6
1660243625.988373,104.4
1660243626.008272,105.2
1660243626.028367,106.4
1660243626.04827,104.5
1660243626.068285,106.0
1660243626.08828,105.7
1660243626.108147,104.7
1660243626.128228,105.4
1660243626.14815,104.7
1660243626.168205,105.3
1660243626.188154,105.8
1660243626.208259,104.9
1660243626.228289,106.3
1660243626.248289,105.0
1660243626.268067,105.5
1660243626.288159,106.1
1660243626.308121,103.4
1660243626.32813,106.0
1660243626.348088,104.0
1660243626.368079,106.7
1660243626.388017,104.7
1660243626.408032,106.3
1660243626.428042,105.0
1660243626.448032,106.4
1660243626.468045,104.9
1660243626.488016,105.5
1660243626.507965,105.8
1660243626.527922,106.1
1660243626.547904,104.9
1660243626.567965,104.0
1660243626.58792,105.6
1660243626.607983,106.0
1660243626.627946,105.7
1660243626.64794,104.8
1660243626.668021,106.3
1660243626.687916,104.3
1660243626.707811,106.8
1660243626.7279,105.8
1660243626.747845,105.0
1660243626.767816,106.4
1660243626.787864,106.3
1660243626.807863,105.6
1660243626.827821,106.4
1660243626.84877,105.9
1660243626.868766,105.8
1660243626.887769,106.4
1660243626.90779,106.4
1660243626.927752,106.2
1660243626.948686,103.8
1660243626.968642,106.6
1660243626.988735,105.5
1660243627.008886,104.3
1660243627.028649,106.8
1660243627.047724,106.3
1660243627.06863,106.0
1660243627.088738,104.6
1660243627.108618,106.5
1660243627.128663,105.4
1660243627.148618,104.6
1660243627.168624,104.8
1660243627.188662,106.3
1660243627.208727,104.7
1660243627.228671,106.3
1660243627.248666,105.8
1660243627.268547,104.5
1660243627.288573,106.5
1660243627.3086,103.8
1660243627.32848,106.4
1660243627.348448,105.9
1660243627.36862,104.8
1660243627.388506,106.2
1660243627.408481,104.7
1660243627.428551,105.0
1660243627.448349,105.9
1660243627.468308,105.2
1660243627.488404,105.2
1660243627.508353,105.7
1660243627.528313,105.2
1660243627.548323,104.8
1660243627.568429,105.1
1660243627.588345,105.3
1660243627.608281,105.2
1660243627.628291,105.3
1660243627.648285,106.1
1660243627.668224,107.4
1660243627.688135,107.7
1660243627.7084,105.2
1660243627.728372,103.0
1660243627.748292,106.2
1660243627.768394,105.7
1660243627.788214,104.9
1660243627.808339,105.3
1660243627.828226,105.4
1660243627.848147,105.4
1660243627.868062,105.7
1660243627.888124,106.3
1660243627.908155,104.1
1660243627.928246,107.7
1660243627.947956,106.5
1660243627.96799,105.6
1660243627.987963,106.2
1660243628.008081,105.1
1660243628.027985,106.4
1660243628.048183,106.0
1660243628.068063,104.9
1660243628.087917,106.5
1660243628.107941,106.0
1660243628.127869,105.3
1660243628.147902,106.6
1660243628.167868,105.8
1660243628.187942,106.8
1660243628.20787,106.8
1660243628.227962,106.0
1660243628.247801,104.4
1660243628.267844,106.6
1660243628.287876,106.4
1660243628.307807,105.6
1660243628.327815,105.6
1660243628.347768,106.0
1660243628.367707,105.2
1660243628.38767,106.3
1660243628.407652,106.0
1660243628.42765,105.5
1660243628.448703,105.5
1660243628.468757,106.1
1660243628.488612,107.5
1660243628.508612,106.4
1660243628.52757,106.1
1660243628.548623,106.3
1660243628.568663,105.0
1660243628.588576,106.7
1660243628.608615,106.0
1660243628.628479,105.4
1660243628.648525,105.9
1660243628.668515,104.7
1660243628.688507,106.5
1660243628.708467,106.0
1660243628.728389,105.6
1660243628.748497,106.3
1660243628.768552,105.3
1660243628.78846,106.4
1660243628.808551,105.8
1660243628.828375,106.0
1660243628.848368,105.8
1660243628.868295,107.9
1660243628.888375,105.9
1660243628.908318,106.5
1660243628.928435,105.3
1660243628.948314,106.2
1660243628.968276,106.2
1660243628.98819,105.6
1660243629.008246,104.5
1660243629.0282,106.6
1660243629.048214,106.2
1660243629.068223,105.9
1660243629.088318,106.2
1660243629.108251,105.2
1660243629.128102,106.6
1660243629.148096,106.2
1660243629.168113,106.3
1660243629.188152,105.2
1660243629.208124,106.3
1660243629.228112,105.7
1660243629.248026,105.0
1660243629.268034,106.5
1660243629.288027,106.0
1660243629.308036,105.1
1660243629.328008,106.3
1660243629.348041,106.0
1660243629.368018,103.7
1660243629.387933,106.0
1660243629.407933,105.1
1660243629.427908,104.7
1660243629.44791,105.7
1660243629.46785,105.0
1660243629.487922,106.0
1660243629.507983,104.4
1660243629.527828,106.7
1660243629.547902,104.4
1660243629.567833,105.3
1660243629.587849,105.0
1660243629.607811,104.7
1660243629.627727,106.1
1660243629.647712,104.0
1660243629.66776,106.3
1660243629.687728,106.1
1660243629.708704,104.5
1660243629.727798,107.0
1660243629.748756,106.0
1660243629.767722,105.0
1660243629.787684,106.3
1660243629.807704,105.6
1660243629.828591,105.0
1660243629.848607,105.9
1660243629.868637,104.8
1660243629.888709,106.9
1660243629.908616,105.8
1660243629.927645,105.6
1660243629.948604,106.0
1660243629.968608,106.3
1660243629.988596,105.2
1660243630.008688,104.5
1660243630.028578,104.4
1660243630.048539,107.3
1660243630.068603,106.3
1660243630.088546,105.2
1660243630.108455,104.6
1660243630.128566,107.2
1660243630.148411,105.5
1660243630.168428,106.3
1660243630.188472,104.8
1660243630.208497,105.5
1660243630.228319,105.4
1660243630.248396,104.6
1660243630.268287,105.3
1660243630.288286,106.3
1660243630.308366,105.4
1660243630.328307,104.8
1660243630.348322,106.8
1660243630.368313,104.3
1660243630.388312,106.3
1660243630.408307,106.2
1660243630.428231,104.6
1660243630.448303,104.4
1660243630.468289,106.2
1660243630.488247,106.3
1660243630.508212,104.7
1660243630.528205,105.6
1660243630.548196,104.7
1660243630.568158,106.5
1660243630.588238,105.8
1660243630.608176,104.9
1660243630.628234,104.0
1660243630.6481,107.0
1660243630.668144,106.9
1660243630.688101,106.7
1660243630.708134,106.0
1660243630.728075,103.4
1660243630.748067,106.7
1660243630.767991,106.0
1660243630.788092,105.9
1660243630.808125,104.3
1660243630.82809,106.0
1660243630.847993,104.2
1660243630.868016,106.5
1660243630.88804,104.3
1660243630.908034,106.4
1660243630.927868,106.0
1660243630.947893,105.9
1660243630.968008,104.3
1660243630.987976,106.9
1660243631.007868,106.3
1660243631.027968,106.0
1660243631.04785,104.5
1660243631.067971,106.6
1660243631.087805,107.0
1660243631.107823,106.7
1660243631.127861,106.4
1660243631.147787,106.2
1660243631.167753,106.3
1660243631.187787,106.5
1660243631.207758,106.0
1660243631.227827,106.3
1660243631.24775,106.0
1660243631.267748,106.6
1660243631.287676,106.3
1660243631.307818,107.0
1660243631.327767,109.2
1660243631.34784,107.1
1660243631.36782,108.4
1660243631.38776,106.1
1660243631.407808,108.6
1660243631.427704,106.4
1660243631.447691,106.2
1660243631.46767,106.3
1660243631.48768,107.1
1660243631.507716,106.8
1660243631.527713,106.0
1660243631.54859,106.3
1660243631.568588,106.3
1660243631.58757,106.3
1660243631.607556,106.0
1660243631.627578,104.6
1660243631.64864,106.0
1660243631.66862,105.1
1660243631.688617,106.4
1660243631.708536,105.0
1660243631.728494,105.6
1660243631.748543,105.7
1660243631.768561,105.7
1660243631.788522,105.5
1660243631.808466,105.8
1660243631.828496,105.8
1660243631.848352,105.9
1660243631.868347,105.3
1660243631.88837,106.5
1660243631.908353,105.3
1660243631.928369,105.8
1660243631.94837,105.5
1660243631.968395,106.2
1660243631.988246,105.1
1660243632.008423,106.5
1660243632.02843,105.6
1660243632.048251,106.4
1660243632.068278,105.8
1660243632.088309,105.6
1660243632.10826,106.0
1660243632.128246,104.9
1660243632.148258,106.6
1660243632.16815,106.1
1660243632.188245,106.3
1660243632.208283,106.2
1660243632.228203,105.8
1660243632.248196,105.0
1660243632.268108,105.6
1660243632.28818,104.5
1660243632.308107,106.8
1660243632.32811,104.2
1660243632.348113,106.7
1660243632.368201,104.5
1660243632.388099,106.3
1660243632.408181,105.2
1660243632.428166,107.5
1660243632.448116,104.4
1660243632.468132,106.6
1660243632.48801,105.7
1660243632.508017,105.7
1660243632.528008,104.9
1660243632.548013,106.4
1660243632.567918,105.2
1660243632.587945,106.3
1660243632.607956,105.2
1660243632.62797,106.7
1660243632.647977,106.0
1660243632.667916,104.9
1660243632.687877,105.6
1660243632.707804,105.1
1660243632.7278,106.1
1660243632.747792,107.0
1660243632.767864,106.5
1660243632.787868,105.9
1660243632.807822,104.0
1660243632.827862,106.6
1660243632.847806,104.9
1660243632.867773,105.9
1660243632.887726,104.8
1660243632.907774,104.6
1660243632.927746,106.2
1660243632.947687,105.1
1660243632.967619,106.3
1660243632.987681,105.6
1660243633.007649,104.7
1660243633.028596,106.1
1660243633.047733,106.0
1660243633.067669,104.7
1660243633.087672,106.0
1660243633.107629,106.4
1660243633.128604,105.1
1660243633.148617,105.4
1660243633.168607,106.1
1660243633.187521,104.3
1660243633.208527,107.0
1660243633.22755,105.9
1660243633.248524,105.1
1660243633.268534,104.5
1660243633.288512,106.6
1660243633.308568,103.5
1660243633.328559,106.5
1660243633.34848,104.9
1660243633.368434,104.7
1660243633.388462,106.7
1660243633.408497,104.0
1660243633.428541,106.5
1660243633.448422,105.6
1660243633.468509,103.6
1660243633.488414,106.8
1660243633.508415,103.9
1660243633.528342,106.3
1660243633.548318,105.1
1660243633.568366,105.3
1660243633.588304,106.2
1660243633.608394,105.6
1660243633.628307,105.2
1660243633.648367,106.3
1660243633.668309,107.6
1660243633.688338,106.4
1660243633.70832,105.9
1660243633.728381,103.2
1660243633.74835,107.2
1660243633.768211,106.3
1660243633.788264,105.9
1660243633.808237,104.2
1660243633.828261,106.6
1660243633.848241,105.5
1660243633.868195,105.8
1660243633.888198,106.5
1660243633.908195,105.8
1660243633.92822,105.8
1660243633.948183,106.3
1660243633.968188,105.1
1660243633.988174,107.2
1660243634.008134,106.8
1660243634.028144,105.8
1660243634.04812,105.9
1660243634.068166,104.0
1660243634.0881,106.6
1660243634.108102,106.3
1660243634.12816,105.1
1660243634.14808,105.1
1660243634.168092,106.1
1660243634.188084,105.6
1660243634.208071,104.4
1660243634.228098,107.0
1660243634.248155,104.2
1660243634.268132,106.2
1660243634.288132,104.7
1660243634.308137,105.9
1660243634.328208,104.8
1660243634.348106,105.5
1660243634.368096,104.5
1660243634.38801,104.9
1660243634.407984,106.6
1660243634.428,105.5
1660243634.447956,104.2
1660243634.467864,108.3
1660243634.487997,104.9
1660243634.507962,105.0
1660243634.527869,106.0
1660243634.547968,104.7
1660243634.567951,105.7
1660243634.58786,105.7
1660243634.607816,106.0
1660243634.627795,105.0
1660243634.647862,106.1
1660243634.667773,104.8
1660243634.687774,105.6
1660243634.707843,106.0
1660243634.727828,104.6
1660243634.747826,105.6
1660243634.767793,104.5
1660243634.787715,106.8
1660243634.807711,105.5
1660243634.827742,105.6
1660243634.84768,105.3
1660243634.867676,106.2
1660243634.887646,104.2
1660243634.907658,106.3
1660243634.927607,104.1
1660243634.948577,106.4
1660243634.968605,105.3
1660243634.988659,105.7
1660243635.007544,105.6
1660243635.028469,105.2
1660243635.048466,106.6
1660243635.068511,106.9
1660243635.088518,105.7
1660243635.108522,106.0
1660243635.128645,108.3
1660243635.148562,104.5
1660243635.168554,107.0
1660243635.188349,106.0
1660243635.208498,106.2
1660243635.228425,106.3
1660243635.248487,105.9
1660243635.268414,105.8
1660243635.28839,105.8
1660243635.308373,106.3
1660243635.328357,105.6
1660243635.34834,106.2
1660243635.368405,106.4
1660243635.388385,106.3
1660243635.40839,105.7
1660243635.42827,104.7
1660243635.448272,106.3
1660243635.468286,106.1
1660243635.488263,106.0
1660243635.508289,105.5
1660243635.528331,105.6
1660243635.548243,105.6
1660243635.56819,104.5
1660243635.588186,106.2
1660243635.608191,106.0
1660243635.628183,105.1
1660243635.648187,108.0
1660243635.668089,105.5
1660243635.688083,104.2
1660243635.708113,106.2
1660243635.728088,104.7
1660243635.748091,106.0
1660243635.768004,104.8
1660243635.78802,106.1
1660243635.808002,106.2
1660243635.827981,104.6
1660243635.847988,106.9
1660243635.867984,106.0
1660243635.887882,104.2
1660243635.90797,106.4
1660243635.927885,105.8
1660243635.947899,104.2
1660243635.967947,105.8
1660243635.987848,105.9
1660243636.007897,106.2
1660243636.0279,103.8
1660243636.048029,106.3
1660243636.067965,106.3
1660243636.087981,105.7
1660243636.107993,105.9
1660243636.127902,103.6
1660243636.147855,106.3
1660243636.167857,105.0
1660243636.187761,105.6
1660243636.207791,106.2
1660243636.227781,105.6
1660243636.247756,106.0
1660243636.267754,104.4
1660243636.287815,106.1
1660243636.307842,104.2
1660243636.327846,105.5
1660243636.347852,105.5
1660243636.367725,105.7
1660243636.38773,105.1
1660243636.40771,105.8
1660243636.427705,105.8
1660243636.447738,105.2
1660243636.467777,106.3
1660243636.487543,106.0
1660243636.507545,105.7
1660243636.528598,103.8
1660243636.548551,106.4
1660243636.568579,104.0
1660243636.588553,106.8
1660243636.608558,106.3
1660243636.628597,106.3
1660243636.648628,106.5
1660243636.668553,106.9
1660243636.688615,107.2
1660243636.708533,106.2
1660243636.728474,106.1
1660243636.748595,106.0
1660243636.768635,107.0
1660243636.788594,107.3
1660243636.80842,106.0
1660243636.828407,106.0
1660243636.848397,105.7
1660243636.868372,106.2
1660243636.888389,106.2
1660243636.908346,106.3
1660243636.928395,106.6
1660243636.948388,106.3
1660243636.968391,107.2
1660243636.988296,106.4
1660243637.00828,105.8
1660243637.028297,105.7
1660243637.048289,105.8
1660243637.068331,106.3
1660243637.088331,105.8
1660243637.108325,106.3
1660243637.128318,106.2
1660243637.148242,106.2
1660243637.168219,106.8
1660243637.188217,106.2
1660243637.208222,104.1
1660243637.22826,106.6
1660243637.248184,105.3
1660243637.268158,106.2
1660243637.288146,105.9
1660243637.308216,106.5
1660243637.328025,106.3
1660243637.348053,106.3
1660243637.368068,106.2
1660243637.388026,107.0
1660243637.408021,106.1
1660243637.428072,104.6
1660243637.448068,106.7
1660243637.46803,106.1
1660243637.488087,105.8
1660243637.508207,106.4
1660243637.527967,105.6
1660243637.547993,106.4
1660243637.568143,106.1
1660243637.588108,105.7
1660243637.608009,105.4
1660243637.627952,105.4
1660243637.647948,106.2
1660243637.667931,106.3
1660243637.687952,106.5
1660243637.707978,105.7
1660243637.727976,105.6
1660243637.747853,106.3
1660243637.767798,106.4
1660243637.787824,105.6
1660243637.807903,105.8
1660243637.827776,105.7
1660243637.847911,106.8
1660243637.867828,107.4
1660243637.887867,108.4
1660243637.907775,105.6
1660243637.927734,106.3
1660243637.947678,105.9
1660243637.967815,107.0
1660243637.987873,106.5
1660243638.007732,106.8
1660243638.027743,107.0
1660243638.047763,105.8
1660243638.067688,106.6
1660243638.087646,110.4
1660243638.107645,105.8
1660243638.127635,106.3
1660243638.148649,106.3
1660243638.168647,106.4
1660243638.188622,106.4
1660243638.207624,106.1
1660243638.227567,106.4
1660243638.248525,106.0
1660243638.26852,106.2
1660243638.288459,106.2
1660243638.308414,106.6
1660243638.328455,106.5
1660243638.347493,106.6
1660243638.368576,106.3
1660243638.388414,106.5
1660243638.408357,105.6
1660243638.428378,106.0
1660243638.448456,105.7
1660243638.468295,106.0
1660243638.488252,105.9
1660243638.508231,106.6
1660243638.528243,106.3
1660243638.548233,106.3
1660243638.56825,105.7
1660243638.588223,104.9
1660243638.608151,106.9
1660243638.628244,106.0
1660243638.648156,105.3
1660243638.668174,106.6
1660243638.68826,106.9
1660243638.70816,106.1
1660243638.728142,105.9
1660243638.748132,105.4
1660243638.768205,106.3
1660243638.788147,106.3
1660243638.80822,104.5
1660243638.828184,106.9
1660243638.848114,106.7
1660243638.868173,106.6
1660243638.888078,106.4
1660243638.908053,106.8
1660243638.928114,105.4
1660243638.948106,106.0
1660243638.968159,106.3
1660243638.988101,106.2
1660243639.008035,105.8
1660243639.028002,106.3
1660243639.047996,106.5
1660243639.06794,106.8
1660243639.088059,107.1
1660243639.108069,106.5
1660243639.128019,107.3
1660243639.148006,106.5
1660243639.167944,108.4
1660243639.18794,106.2
1660243639.207894,106.4
1660243639.227933,106.8
1660243639.248,107.0
1660243639.267938,106.3
1660243639.287859,107.2
1660243639.307792,106.5
1660243639.327895,107.7
1660243639.347745,106.8
1660243639.367773,108.5
1660243639.387862,106.2
1660243639.40783,107.5
1660243639.427634,106.2
1660243639.447627,106.4
1660243639.46773,107.6
1660243639.487616,106.0
1660243639.507649,106.4
1660243639.52776,109.5
1660243639.547688,105.2
1660243639.567555,105.2
1660243639.587565,105.7
1660243639.607589,105.1
1660243639.627554,105.5
1660243639.647466,106.2
1660243639.668428,107.5
1660243639.68756,108.4
1660243639.707394,105.5
1660243639.7274,105.3
1660243639.748409,106.3
1660243639.768314,105.4
1660243639.788296,106.5
1660243639.808308,106.3
1660243639.828304,106.0
1660243639.848331,106.3
1660243639.868328,106.3
1660243639.888332,105.6
1660243639.908373,105.3
1660243639.928314,106.5
1660243639.948327,105.5
1660243639.96823,104.5
1660243639.988277,106.8
1660243640.008368,106.3
1660243640.028248,106.3
1660243640.048227,106.2
1660243640.068247,107.7
1660243640.088258,106.4
1660243640.108212,106.0
1660243640.128214,105.9
1660243640.14818,105.6
1660243640.168193,105.5
1660243640.18817,104.6
1660243640.208242,106.4
1660243640.228184,105.8
1660243640.248119,104.8
1660243640.26807,106.3
1660243640.28814,106.2
1660243640.308088,106.6
1660243640.328103,105.6
1660243640.348082,105.7
1660243640.367983,104.3
1660243640.387992,106.3
1660243640.407986,104.3
1660243640.427981,106.3
1660243640.447975,104.3
1660243640.467974,106.1
1660243640.487874,104.9
1660243640.507873,105.9
1660243640.527909,105.2
1660243640.547938,105.8
1660243640.567892,106.1
1660243640.587896,104.8
1660243640.607935,106.2
1660243640.627824,105.7
1660243640.647775,105.0
1660243640.667773,105.2
1660243640.687763,104.8
1660243640.707693,106.1
1660243640.727666,105.9
1660243640.747678,104.6
1660243640.767719,106.3
1660243640.7878,105.8
1660243640.807675,104.6
1660243640.827702,106.5
1660243640.847714,104.2
1660243640.867764,106.4
1660243640.887687,106.0
1660243640.907685,105.9
1660243640.927618,106.1
1660243640.947552,105.8
1660243640.96769,105.6
1660243640.987575,106.3
1660243641.007624,104.7
1660243641.027543,106.3
1660243641.047573,105.9
1660243641.06752,105.2
1660243641.087438,106.0
1660243641.107536,106.3
1660243641.127436,107.8
1660243641.147446,110.8
1660243641.167457,106.0
1660243641.187436,103.9
1660243641.207434,106.6
1660243641.227425,106.3
1660243641.24844,106.6
1660243641.268376,106.0
1660243641.288388,104.8
1660243641.308426,105.3
1660243641.328375,106.2
1660243641.348415,105.1
1660243641.36833,106.2
1660243641.388283,104.4
1660243641.408256,106.0
1660243641.428263,105.6
1660243641.44815,104.2
1660243641.46825,105.4
1660243641.488169,105.2
1660243641.508208,106.0
1660243641.52824,106.2
1660243641.548215,105.0
1660243641.568206,105.6
1660243641.58821,105.2
1660243641.608164,105.7
1660243641.628258,104.8
1660243641.648261,105.6
1660243641.668153,104.5
1660243641.688091,105.8
1660243641.708155,104.5
1660243641.728088,106.1
1660243641.748059,105.4
1660243641.768158,105.8
1660243641.788065,106.7
1660243641.808034,106.5
1660243641.82802,105.9
1660243641.848012,104.8
1660243641.868006,105.3
1660243641.888064,105.0
1660243641.908095,106.4
1660243641.927939,105.0
1660243641.947939,106.2
1660243641.967976,104.7
1660243641.987982,106.3
1660243642.007825,106.1
1660243642.027818,105.5
1660243642.047858,106.3
1660243642.067827,106.1
1660243642.087813,105.0
1660243642.107861,106.4
1660243642.127837,105.9
1660243642.147811,106.1
1660243642.167755,104.9
1660243642.187796,106.3
1660243642.207768,106.0
1660243642.227748,104.4
1660243642.247746,106.0
1660243642.26776,105.7
1660243642.287743,105.5
1660243642.307771,106.3
1660243642.327777,104.6
1660243642.347803,106.3
1660243642.367749,106.1
1660243642.387665,106.0
1660243642.407746,105.8
1660243642.427857,105.6
1660243642.44788,104.8
1660243642.467743,106.3
1660243642.487828,105.7
1660243642.507798,105.1
1660243642.527699,105.1
1660243642.547688,105.0
1660243642.567763,106.2
1660243642.58764,105.2
1660243642.607689,105.7
1660243642.627768,104.8
1660243642.647666,106.1
1660243642.667607,106.8
1660243642.687572,106.7
1660243642.70764,105.5
1660243642.727483,105.8
1660243642.747398,105.2
1660243642.767616,105.3
1660243642.787536,106.4
1660243642.807601,105.4
1660243642.827472,105.2
1660243642.848503,105.6
1660243642.868456,105.4
1660243642.887513,104.6
1660243642.907465,106.1
1660243642.927428,104.5
1660243642.948364,105.7
1660243642.968357,106.0
1660243642.988263,104.8
1660243643.008384,106.3
1660243643.028264,105.5
1660243643.048236,105.8
1660243643.068241,105.2
1660243643.088314,105.2
1660243643.108158,105.5
1660243643.128128,105.5
1660243643.148126,105.5
1660243643.168152,105.7
1660243643.188151,105.7
1660243643.208172,105.4
1660243643.228135,106.2
1660243643.24812,104.6
1660243643.268056,106.2
1660243643.288015,104.9
1660243643.308032,104.7
1660243643.328096,106.7
1660243643.348094,107.0
1660243643.36804,105.7
1660243643.387982,105.8
1660243643.407937,105.8
1660243643.427933,106.0
1660243643.447952,103.9
1660243643.467999,105.9
1660243643.48798,104.5
1660243643.507965,105.1
1660243643.527898,104.6
1660243643.547931,105.6
1660243643.567934,106.5
1660243643.587894,106.3
1660243643.607888,105.4
1660243643.627832,105.7
1660243643.64788,105.9
1660243643.667814,105.9
1660243643.687886,105.8
1660243643.70782,105.0
1660243643.727809,106.2
1660243643.747773,105.2
1660243643.767786,106.3
1660243643.787805,106.1
1660243643.8078,104.5
1660243643.827711,106.5
1660243643.847861,105.8
1660243643.867717,105.1
1660243643.887852,106.2
1660243643.907638,104.2
1660243643.927748,105.5
1660243643.947632,105.2
1660243643.967709,106.3
1660243643.987669,104.7
1660243644.007663,106.5
1660243644.027581,104.7
1660243644.047563,105.9
1660243644.067537,105.6
1660243644.087589,104.1
1660243644.10756,106.3
1660243644.127623,106.0
1660243644.147535,104.8
1660243644.167528,106.2
1660243644.187587,105.6
1660243644.207534,106.1
1660243644.227457,105.2
1660243644.247504,104.9
1660243644.267505,105.9
1660243644.287472,105.1
1660243644.307498,104.4
1660243644.328364,105.4
1660243644.347366,106.2
1660243644.368345,106.1
1660243644.387388,103.9
1660243644.40734,106.2
1660243644.428295,105.1
1660243644.448244,104.7
1660243644.468365,105.0
1660243644.488266,105.3
1660243644.508221,104.6
1660243644.528253,104.5
1660243644.548266,106.1
1660243644.56823,104.7
1660243644.588144,106.6
1660243644.608172,104.5
1660243644.62813,106.2
1660243644.648138,104.1
1660243644.668202,106.2
1660243644.688121,103.6
1660243644.708036,104.9
1660243644.728046,105.5
1660243644.748036,104.3
1660243644.76804,106.2
1660243644.788108,105.9
1660243644.808123,105.4
1660243644.828032,104.8
1660243644.847939,105.8
1660243644.868036,105.7
1660243644.888016,105.7
1660243644.908008,105.6
1660243644.927931,105.9
1660243644.947937,105.5
1660243644.967878,106.2
1660243644.987886,104.8
1660243645.007892,106.7
1660243645.027835,106.1
1660243645.047878,106.3
1660243645.067752,105.6
1660243645.087677,105.4
1660243645.107676,105.4
1660243645.127764,105.8
1660243645.147819,104.3
1660243645.167683,105.9
1660243645.187724,105.0
1660243645.207688,105.8
1660243645.227742,105.4
1660243645.247749,104.9
1660243645.267724,105.4
1660243645.287726,105.2
1660243645.307636,105.4
1660243645.327618,104.5
1660243645.347644,105.1
1660243645.367627,105.1
1660243645.387476,105.5
1660243645.40761,105.8
1660243645.427518,105.2
1660243645.447557,105.5
1660243645.467568,105.4
1660243645.487572,104.8
1660243645.507612,104.7
1660243645.527556,105.7
1660243645.547537,104.1
1660243645.567652,105.0
1660243645.587544,105.6
1660243645.607503,105.3
1660243645.627411,105.8
1660243645.647389,104.6
1660243645.667424,107.4
1660243645.687436,109.3
1660243645.707503,106.4
1660243645.72747,105.9
1660243645.748359,105.2
1660243645.767394,104.9
1660243645.78729,106.4
1660243645.807351,105.1
1660243645.828409,105.9
1660243645.848241,104.5
1660243645.868244,106.7
1660243645.888239,105.7
1660243645.908344,104.4
1660243645.928127,106.3
1660243645.948166,103.3
1660243645.968168,106.4
1660243645.988095,104.6
1660243646.008217,105.7
1660243646.028069,106.0
1660243646.048078,104.9
1660243646.068145,105.9
1660243646.088089,104.7
1660243646.10807,106.0
1660243646.128068,104.9
1660243646.148066,105.2
1660243646.167968,105.7
1660243646.188006,106.3
1660243646.207988,105.1
1660243646.227907,107.2
1660243646.247865,105.7
1660243646.267958,105.0
1660243646.287886,105.1
1660243646.307877,105.3
1660243646.327923,105.1
1660243646.347905,105.6
1660243646.367894,106.3
1660243646.387855,105.2
1660243646.407888,105.9
1660243646.42792,105.1
1660243646.4479,105.0
1660243646.467911,105.7
1660243646.487933,104.6
1660243646.507827,105.3
1660243646.527722,105.8
1660243646.547707,104.1
1660243646.567776,106.8
1660243646.587714,105.2
1660243646.60778,104.3
1660243646.627834,107.0
1660243646.647735,105.8
1660243646.667725,104.7
1660243646.687709,105.2
1660243646.707716,106.0
1660243646.727678,105.6
1660243646.747625,104.6
1660243646.767628,106.1
1660243646.787684,104.3
1660243646.807628,106.4
1660243646.827614,105.2
1660243646.847572,105.7
1660243646.867594,105.3
1660243646.887532,105.0
1660243646.90752,105.6
1660243646.927584,104.7
1660243646.947566,104.7
1660243646.967632,105.7
1660243646.987564,105.0
1660243647.007565,105.7
1660243647.027588,105.7
1660243647.047612,105.4
1660243647.067526,105.9
1660243647.087575,106.1
1660243647.108467,105.6
1660243647.12744,106.0
1660243647.147415,104.9
1660243647.167418,106.3
1660243647.187434,105.6
1660243647.207448,105.1
1660243647.22743,106.1
1660243647.24742,106.3
1660243647.267411,104.7
1660243647.287381,106.6
1660243647.307362,105.5
1660243647.327329,106.3
1660243647.347325,107.0
1660243647.367383,105.5
1660243647.387224,104.8
1660243647.4083,105.3
1660243647.428195,105.8
1660243647.448183,105.1
1660243647.468176,106.5
1660243647.488169,105.3
1660243647.508218,105.4
1660243647.528174,106.0
1660243647.548176,104.8
1660243647.568186,106.3
1660243647.588195,104.9
1660243647.608093,106.4
1660243647.628139,105.3
1660243647.648171,106.4
1660243647.668136,105.4
1660243647.688153,106.5
1660243647.708124,105.0
1660243647.728131,105.7
1660243647.748186,105.4
1660243647.768139,105.7
1660243647.788025,106.4
1660243647.80809,106.4
1660243647.828035,106.0
1660243647.848035,104.9
1660243647.86809,106.3
1660243647.888078,104.7
1660243647.907975,105.6
1660243647.927974,105.4
1660243647.947939,104.9
1660243647.967977,105.6
1660243647.987995,104.5
1660243648.008008,105.6
1660243648.027991,105.9
1660243648.047982,104.9
1660243648.06791,106.5
1660243648.088064,106.0
1660243648.107881,105.1
1660243648.128022,106.3
1660243648.147995,104.8
1660243648.167794,105.9
1660243648.187827,104.6
1660243648.207766,105.5
1660243648.227879,105.0
1660243648.247791,105.3
1660243648.267764,105.3
1660243648.287795,105.6
1660243648.307825,104.8
1660243648.327788,106.5
1660243648.347687,103.7
1660243648.367694,106.5
1660243648.387739,104.1
1660243648.407751,105.8
1660243648.427671,105.6
1660243648.447676,105.0
1660243648.467721,106.6
1660243648.487754,105.1
1660243648.507741,105.4
1660243648.527682,105.1
1660243648.547691,104.2
1660243648.567595,106.0
1660243648.587618,104.6
1660243648.607632,105.1
1660243648.627569,106.2
1660243648.647699,104.8
1660243648.667624,106.8
1660243648.687576,107.3
1660243648.707515,106.8
1660243648.727555,105.7
1660243648.747588,105.7
1660243648.767605,103.6
1660243648.78755,107.1
1660243648.807625,105.8
1660243648.827534,104.4
1660243648.847464,106.4
1660243648.867411,105.0
1660243648.887444,106.3
1660243648.907514,105.6
1660243648.927621,105.9
1660243648.947496,105.2
1660243648.967427,106.0
1660243648.987476,106.1
1660243649.007477,104.6
1660243649.027382,106.3
1660243649.047306,104.7
1660243649.067306,106.7
1660243649.087337,106.3
1660243649.107305,104.0
1660243649.12822,106.3
1660243649.148219,105.0
1660243649.168272,105.2
1660243649.188219,105.5
1660243649.207208,105.3
1660243649.227228,104.7
1660243649.248184,105.2
1660243649.268127,105.8
1660243649.28817,105.1
1660243649.308096,106.3
1660243649.328183,104.6
1660243649.348112,104.8
1660243649.36806,105.1
1660243649.38816,105.3
1660243649.407987,104.8
1660243649.428044,105.4
1660243649.447966,104.5
1660243649.467987,106.3
1660243649.488014,104.7
1660243649.508023,105.8
1660243649.527962,105.5
1660243649.548065,104.4
1660243649.568075,104.4
1660243649.587978,106.4
1660243649.608026,104.5
1660243649.627891,106.1
1660243649.647945,106.0
1660243649.667882,103.8
1660243649.687908,106.6
1660243649.707876,104.0
1660243649.727871,105.8
1660243649.747768,106.3
1660243649.76784,105.3
1660243649.787854,105.5
1660243649.807814,105.7
1660243649.827794,104.7
1660243649.847784,104.9
1660243649.867793,105.4
1660243649.887803,106.3
1660243649.9078,104.5
1660243649.927842,106.1
1660243649.947792,105.3
1660243649.967797,105.6
1660243649.987751,105.8
1660243650.00775,105.1
1660243650.027779,104.8
1660243650.047679,105.9
1660243650.067764,107.1
1660243650.087642,106.6
1660243650.147713,106.5
1660243650.167706,105.4
1660243650.187707,106.5
1660243650.207615,105.7
1660243650.227754,105.0
1660243650.247654,105.5
1660243650.267671,106.7
1660243650.287674,106.2
1660243650.307674,105.7
1660243650.327643,105.5
1660243650.347644,105.2
1660243650.367647,106.3
1660243650.387679,105.0
1660243650.407649,105.9
1660243650.427547,104.3
1660243650.447573,105.7
1660243650.467526,105.3
1660243650.487544,105.9
1660243650.507538,104.9
1660243650.527468,106.0
1660243650.54752,104.9
1660243650.56744,105.1
1660243650.587442,106.1
1660243650.607428,104.4
1660243650.627398,106.2
1660243650.647338,103.7
1660243650.667374,106.3
1660243650.687421,105.2
1660243650.707416,105.6
1660243650.727343,105.9
1660243650.747338,105.3
1660243650.767325,105.6
1660243650.787286,106.3
1660243650.807254,104.9
1660243650.827263,106.4
1660243650.848244,105.1
1660243650.86825,105.5
1660243650.927148,105.3
1660243650.948171,105.2
1660243650.968076,105.7
1660243650.988061,104.9
1660243651.008146,105.5
1660243651.02803,104.5
1660243651.048155,106.3
1660243651.068047,104.0
1660243651.088044,107.0
1660243651.107946,106.0
1660243651.127978,105.0
1660243651.148053,106.0
1660243651.168047,105.6
1660243651.188035,104.8
1660243651.208043,105.8
1660243651.228047,104.7
1660243651.247914,106.0
1660243651.26793,104.2
1660243651.287898,106.4
1660243651.307914,104.7
1660243651.32792,106.2
1660243651.347831,105.2
1660243651.367819,106.3
1660243651.387826,106.0
1660243651.407813,105.0
1660243651.427826,105.1
1660243651.447732,105.3
1660243651.467731,105.5
1660243651.487739,105.6
1660243651.507716,104.8
1660243651.527748,106.3
1660243651.547738,106.3
1660243651.567805,105.4
1660243651.587722,106.3
1660243651.607638,105.1
1660243651.627643,105.8
1660243651.647641,105.3
1660243651.667638,106.7
1660243651.687643,106.8
1660243651.707647,106.4
1660243651.727648,105.6
1660243651.74768,105.8
1660243651.767636,105.4
1660243651.787551,106.3
1660243651.807532,105.3
1660243651.827583,105.5
1660243651.847542,105.2
1660243651.867523,105.2
1660243651.887505,105.5
1660243651.907488,105.2
1660243651.927497,106.0
1660243651.947426,105.1
1660243651.967399,105.9
1660243651.987392,106.0
1660243652.007388,105.1
1660243652.027393,105.4
1660243652.047414,106.3
1660243652.06732,104.9
1660243652.08729,106.6
1660243652.10729,105.0
1660243652.127295,108.4
1660243652.147296,105.5
1660243652.16729,105.5
1660243652.187314,107.0
1660243652.207281,106.3
1660243652.227387,105.3
1660243652.247306,106.7
1660243652.267356,105.4
1660243652.287279,105.7
1660243652.307249,105.8
1660243652.328242,105.8
1660243652.348185,106.1
1660243652.368178,104.5
1660243652.387227,106.7
1660243652.408083,105.4
1660243652.428137,105.8
1660243652.448117,106.5
1660243652.46808,105.5
1660243652.488035,104.8
1660243652.508082,106.3
1660243652.527973,107.2
1660243652.548037,106.4
1660243652.567987,106.2
1660243652.587986,106.0
1660243652.607941,105.0
1660243652.628052,106.6
1660243652.648033,104.8
1660243652.667969,106.3
1660243652.687966,106.2
1660243652.707928,105.9
1660243652.72791,106.2
1660243652.747962,105.1
1660243652.767994,106.5
1660243652.78786,106.3
1660243652.807882,106.0
1660243652.827892,105.7
1660243652.847934,106.1
1660243652.86783,105.7
1660243652.887878,105.9
1660243652.907948,105.3
1660243652.927822,106.3
1660243652.947746,106.2
1660243652.967827,105.9
1660243652.987854,105.8
1660243653.007778,105.7
1660243653.027771,106.0
1660243653.047765,106.3
1660243653.067673,106.4
1660243653.087744,107.4
1660243653.107769,106.7
1660243653.127691,105.9
1660243653.14774,105.8
1660243653.16761,105.8
1660243653.18769,106.2
1660243653.2076,106.3
1660243653.227567,107.0
1660243653.247626,106.3
1660243653.26767,105.8
1660243653.287496,105.5
1660243653.307642,103.8
1660243653.327498,106.5
1660243653.34747,104.9
1660243653.3675,105.0
1660243653.387477,106.0
1660243653.407502,104.8
1660243653.427571,106.4
1660243653.447448,105.7
1660243653.467483,105.9
1660243653.48738,104.9
1660243653.507543,108.3
1660243653.527361,105.0
1660243653.547424,105.2
1660243653.567492,106.3
1660243653.587442,104.6
1660243653.607399,105.0
1660243653.627381,106.3
1660243653.647416,105.2
1660243653.667331,104.8
1660243653.687323,105.4
1660243653.707336,104.6
1660243653.727336,105.3
1660243653.747318,106.3
1660243653.767284,106.2
1660243653.787267,104.8
1660243653.807266,106.4
1660243653.827291,106.3
1660243653.847243,105.2
1660243653.867282,105.8
1660243653.887297,105.3
1660243653.907345,105.2
1660243653.928195,106.0
1660243653.947172,106.3
1660243653.9673,105.1
1660243653.987178,106.3
1660243654.007139,105.2
1660243654.028321,105.9
1660243654.048188,106.1
1660243654.068226,105.9
1660243654.088165,105.7
1660243654.108194,105.6
1660243654.128048,106.3
1660243654.148074,106.0
1660243654.168046,105.3
1660243654.188029,106.5
1660243654.208054,106.1
1660243654.228037,105.6
1660243654.246965,106.1
1660243654.268082,105.8
1660243654.288154,105.9
1660243654.30801,106.3
1660243654.327983,104.4
1660243654.348044,106.3
1660243654.367936,106.3
1660243654.38793,105.9
1660243654.407944,105.3
1660243654.427972,106.3
1660243654.447936,105.4
1660243654.467985,105.8
1660243654.487914,106.0
1660243654.507899,105.9
1660243654.527883,105.6
1660243654.547879,105.9
1660243654.567773,105.2
1660243654.587772,105.7
1660243654.607921,106.0
1660243654.627832,105.3
1660243654.647886,106.3
1660243654.667904,106.5
1660243654.687811,107.5
1660243654.707742,106.5
1660243654.727779,105.5
1660243654.747831,105.9
1660243654.767691,105.2
1660243654.787648,106.7
1660243654.807666,105.0
1660243654.827634,106.9
1660243654.847682,106.3
1660243654.867626,105.9
1660243654.887582,106.2
1660243654.907562,105.1
1660243654.927566,106.3
1660243654.94754,104.4
1660243654.967537,106.3
1660243654.987543,106.2
1660243655.007534,105.7
1660243655.027441,105.6
1660243655.04743,106.3
1660243655.067564,107.7
1660243655.08757,106.3
1660243655.107383,106.3
1660243655.127526,105.8
1660243655.147508,105.8
1660243655.167403,104.5
1660243655.187422,106.7
1660243655.207415,106.3
1660243655.22738,106.0
1660243655.2473,105.6
1660243655.26729,105.4
1660243655.287384,106.1
1660243655.307311,105.3
1660243655.327187,105.9
1660243655.347213,105.3
1660243655.367242,106.1
1660243655.387293,105.4
1660243655.407188,105.3
1660243655.4283,106.7
1660243655.447231,106.0
1660243655.467314,104.6
1660243655.48722,106.7
1660243655.507111,105.6
1660243655.528074,104.9
1660243655.548087,106.3
1660243655.567981,105.9
1660243655.58799,105.4
1660243655.608069,105.9
1660243655.628041,104.9
1660243655.647981,106.4
1660243655.668054,106.0
1660243655.68803,105.2
1660243655.708023,105.8
1660243655.727892,105.4
1660243655.747897,106.2
1660243655.767898,105.8
1660243655.787897,106.3
1660243655.80797,106.0
1660243655.827943,106.3
1660243655.847934,105.7
1660243655.86795,106.5
1660243655.887858,106.2
1660243655.907833,105.7
1660243655.927787,105.7
1660243655.947833,105.6
1660243655.967762,105.9
1660243655.987783,106.3
1660243656.007719,105.8
1660243656.027714,106.3
1660243656.047724,105.5
1660243656.06776,106.2
1660243656.087718,105.5
1660243656.107768,105.1
1660243656.127722,106.4
1660243656.147794,105.0
1660243656.167737,106.4
1660243656.187692,105.1
1660243656.207622,106.4
1660243656.227634,106.3
1660243656.247705,105.7
1660243656.267726,104.6
1660243656.287664,106.7
1660243656.307735,104.9
1660243656.327746,105.8
1660243656.347733,105.8
1660243656.367533,106.2
1660243656.387577,105.1
1660243656.407617,105.9
1660243656.427497,104.9
1660243656.44773,105.9
1660243656.467596,105.7
1660243656.487497,104.6
1660243656.507498,106.7
1660243656.527481,106.1
1660243656.547453,104.5
1660243656.567536,106.4
1660243656.587331,105.9
1660243656.607415,104.5
1660243656.62751,106.5
1660243656.647334,107.8
1660243656.707428,105.1
1660243656.727455,106.6
1660243656.747422,105.3
1660243656.767229,105.9
1660243656.787346,105.9
1660243656.807214,105.2
1660243656.827254,106.5
1660243656.84723,106.2
1660243656.867272,105.2
1660243656.887118,106.3
1660243656.907146,106.3
1660243656.928112,104.6
1660243656.947222,106.5
1660243656.967081,106.1
1660243656.987116,106.0
1660243657.007062,105.8
1660243657.027955,105.1
1660243657.047962,106.9
1660243657.067964,106.3
1660243657.088054,106.2
1660243657.108088,106.4
1660243657.127044,105.9
1660243657.14792,105.7
1660243657.167947,106.3
1660243657.187935,105.3
1660243657.207977,106.3
1660243657.226923,106.2
1660243657.247949,105.2
1660243657.267924,106.3
1660243657.287894,105.8
1660243657.307884,105.4
1660243657.327902,105.9
1660243657.347862,105.7
1660243657.367868,105.1
1660243657.38788,106.3
1660243657.40789,105.1
1660243657.427916,106.7
1660243657.44777,106.3
1660243657.467809,104.8
1660243657.487809,106.6
1660243657.507784,105.0
1660243657.527637,106.4
1660243657.547662,105.3
1660243657.567653,106.6
1660243657.587634,105.1
1660243657.607682,106.5
1660243657.627609,104.5
1660243657.647574,106.8
1660243657.667465,106.8
1660243657.687546,106.8
1660243657.707564,106.8
1660243657.727462,104.3
1660243657.747464,106.7
1660243657.767527,105.1
1660243657.787481,106.5
1660243657.807476,105.0
1660243657.827427,106.9
1660243657.847445,105.1
1660243657.867455,106.8
1660243657.887428,106.3
1660243657.907416,104.6
1660243657.927348,107.2
1660243657.947282,106.3
1660243657.967279,105.5
1660243657.987265,105.5
1660243658.007281,106.3
1660243658.027166,104.4
1660243658.047153,107.3
1660243658.06735,106.3
1660243658.087088,105.6
1660243658.107168,106.5
1660243658.127065,106.5
1660243658.147129,106.3
1660243658.1671,104.2
1660243658.187047,107.0
1660243658.207966,106.4
1660243658.228033,106.3
1660243658.247965,105.7
1660243658.267016,105.1
1660243658.286994,105.8
1660243658.30802,106.6
1660243658.327882,105.2
1660243658.347969,105.2
1660243658.367962,106.2
1660243658.387941,105.9
1660243658.407914,105.7
1660243658.427902,105.5
1660243658.447807,105.9
1660243658.467839,105.8
1660243658.487802,105.6
1660243658.507842,106.4
1660243658.527831,105.8
1660243658.54782,106.3
1660243658.567842,105.6
1660243658.587814,106.1
1660243658.607803,105.7
1660243658.627779,108.1
1660243658.647808,106.3
1660243658.667809,106.1
1660243658.687718,106.3
1660243658.707742,106.4
1660243658.727749,105.4
1660243658.747772,106.3
1660243658.767769,108.4
1660243658.787762,106.4
1660243658.807709,106.3
1660243658.827688,106.3
1660243658.847646,105.3
1660243658.867658,106.8
1660243658.887572,106.1
1660243658.907668,106.0
1660243658.927699,106.1
1660243658.947651,105.6
1660243658.967556,106.3
1660243658.987686,105.4
1660243659.007626,105.3
1660243659.027528,106.3
1660243659.047608,106.0
1660243659.067576,106.6
1660243659.087602,105.4
1660243659.107615,106.4
1660243659.127508,105.4
1660243659.147595,106.3
1660243659.167547,105.0
1660243659.188017,105.9
1660243659.207638,105.6
1660243659.227466,105.2
1660243659.247435,105.5
1660243659.267419,105.8
1660243659.287458,105.9
1660243659.307492,105.3
1660243659.327425,106.7
1660243659.347418,107.1
1660243659.367549,106.2
1660243659.387318,105.3
1660243659.407372,103.8
1660243659.427382,107.3
1660243659.447343,106.1
1660243659.467341,105.6
1660243659.487351,105.8
1660243659.507314,104.3
1660243659.527351,106.6
1660243659.547313,105.2
1660243659.567207,104.1
1660243659.58721,105.4
1660243659.607174,105.1
1660243659.627214,105.5
1660243659.647163,105.0
1660243659.667168,104.9
1660243659.687087,106.3
1660243659.707104,105.3
1660243659.727117,104.4
1660243659.747062,106.7
1660243659.767066,104.8
1660243659.787096,106.2
1660243659.807031,105.3
1660243659.827026,104.7
1660243659.847073,107.8
1660243659.866992,105.4
1660243659.887031,106.6
1660243659.908034,105.8
1660243659.928006,105.9
1660243659.947925,106.3
1660243659.966984,105.5
1660243659.986872,106.3
1660243660.006896,106.3
1660243660.027888,104.9
1660243660.047885,106.8
1660243660.067876,106.3
1660243660.087858,106.0
1660243660.107857,105.8
1660243660.127892,106.5
1660243660.147866,106.2
1660243660.167792,105.8
1660243660.187783,105.6
1660243660.207777,106.4
1660243660.227778,106.6
1660243660.247696,104.8
1660243660.267766,104.7
1660243660.28766,106.6
1660243660.307664,105.8
1660243660.327664,105.5
1660243660.347681,105.3
1660243660.367661,105.6
1660243660.387667,105.7
1660243660.407576,105.4
1660243660.427571,104.5
1660243660.44756,105.3
1660243660.467594,106.5
1660243660.48747,105.1
1660243660.507465,106.0
1660243660.527459,104.7
1660243660.547471,106.0
1660243660.567489,105.3
1660243660.58754,105.6
1660243660.607527,104.9
1660243660.627366,106.3
1660243660.647396,104.1
1660243660.667409,107.1
1660243660.687359,107.0
1660243660.70738,106.8
1660243660.727364,105.7
1660243660.747392,105.6
1660243660.767374,105.9
1660243660.787379,106.0
1660243660.807288,105.0
1660243660.827269,105.6
1660243660.847263,105.5
1660243660.86727,105.9
1660243660.887287,106.1
1660243660.90727,106.3
1660243660.927284,105.2
1660243660.947268,105.6
1660243660.967284,105.9
1660243660.987265,105.2
1660243661.007277,105.8
1660243661.027221,105.1
1660243661.047274,106.3
1660243661.067157,106.6
1660243661.087152,105.5
1660243661.107203,106.1
1660243661.127127,106.1
1660243661.147107,105.2
1660243661.167111,106.4
1660243661.18711,105.6
1660243661.20711,104.9
1660243661.227109,106.7
1660243661.247123,106.1
1660243661.26702,105.1
1660243661.287108,105.6
1660243661.307024,106.5
1660243661.327005,105.2
1660243661.347005,106.6
1660243661.367019,106.5
1660243661.38701,105.4
1660243661.40798,105.5
1660243661.427005,104.8
1660243661.446915,106.8
1660243661.466903,105.8
1660243661.486951,105.7
1660243661.507898,105.1
1660243661.5279,105.4
1660243661.547904,105.8
1660243661.567912,104.5
1660243661.586814,106.3
1660243661.606807,104.3
1660243661.627805,104.4
1660243661.647804,106.4
1660243661.667706,104.6
1660243661.687716,105.1
1660243661.707704,106.2
1660243661.727706,105.3
1660243661.747718,106.4
1660243661.767707,105.6
1660243661.787708,105.8
1660243661.80771,106.7
1660243661.827605,105.6
1660243661.847622,105.7
1660243661.867622,105.2
1660243661.887606,106.2
1660243661.907628,106.3
1660243661.927609,104.9
1660243661.947611,106.7
1660243661.967628,105.3
1660243661.98766,105.4
1660243662.00763,105.8
1660243662.027636,104.6
1660243662.047638,106.6
1660243662.067536,105.3
1660243662.087559,106.5
1660243662.107558,107.1
1660243662.127558,106.3
1660243662.147531,106.2
1660243662.167532,105.6
1660243662.187452,106.2
1660243662.207409,106.7
1660243662.267435,105.1
1660243662.28744,105.6
1660243662.30743,106.2
1660243662.327359,105.6
1660243662.347446,106.9
1660243662.367323,106.1
1660243662.387356,106.9
1660243662.407356,106.7
1660243662.427273,106.4
1660243662.447261,106.3
1660243662.467274,106.3
1660243662.487287,106.1
1660243662.507314,105.5
1660243662.527314,106.4
1660243662.547315,106.2
1660243662.567318,106.7
1660243662.587318,106.7
1660243662.607218,106.5
1660243662.627218,106.4
1660243662.647221,107.7
1660243662.667208,106.3
1660243662.687228,106.1
1660243662.707218,105.9
1660243662.727114,106.3
1660243662.747099,105.9
1660243662.767096,106.9
1660243662.787117,107.1
1660243662.807115,106.5
1660243662.827102,106.4
1660243662.847023,106.6
1660243662.867063,105.9
1660243662.887002,105.6
1660243662.907004,107.0
1660243662.926982,106.9
1660243662.94697,106.4
1660243662.96697,106.7
1660243662.986959,106.6
1660243663.007916,106.9
1660243663.026972,107.8
1660243663.046881,106.9
1660243663.06688,107.5
1660243663.086939,106.7
1660243663.107838,109.1
1660243663.127898,105.9
1660243663.147826,105.8
1660243663.167797,106.5
1660243663.18783,106.7
1660243663.207794,106.6
1660243663.227796,107.2
1660243663.24776,106.3
1660243663.267762,106.2
1660243663.287765,106.2
1660243663.30782,106.3
1660243663.327768,106.9
1660243663.347762,108.0
1660243663.367795,109.5
1660243663.38778,106.3
1660243663.407727,107.0
1660243663.427674,107.2
1660243663.447732,106.6
1660243663.4677,106.2
1660243663.487661,106.0
1660243663.507659,106.2
1660243663.527597,106.0
1660243663.547644,105.4
1660243663.567597,105.9
1660243663.587589,106.7
1660243663.607594,106.6
1660243663.627575,105.3
1660243663.647635,106.4
1660243663.667494,106.2
1660243663.68747,108.3
1660243663.707473,107.0
1660243663.727476,107.6
1660243663.747473,106.6
1660243663.767468,106.4
1660243663.787493,107.4
1660243663.807554,106.2
1660243663.827516,106.4
1660243663.847483,106.1
1660243663.867519,106.3
1660243663.887484,106.7
1660243663.907539,107.2
1660243663.927362,106.9
1660243663.947354,108.2
1660243663.967337,106.3
1660243663.98738,106.2
1660243664.00737,106.4
1660243664.027367,106.4
1660243664.047224,106.2
1660243664.067264,106.4
1660243664.0873,106.8
1660243664.107305,108.6
1660243664.127286,106.9
1660243664.147147,106.5
1660243664.167198,106.2
1660243664.187197,106.2
1660243664.207182,106.2
1660243664.227172,106.3
1660243664.2471,106.3
1660243664.267159,106.8
1660243664.287175,108.2
1660243664.307078,106.6
1660243664.327119,106.3
1660243664.347112,106.1
1660243664.367083,106.3
1660243664.387006,106.4
1660243664.406977,106.2
1660243664.42701,106.0
1660243664.446974,106.8
1660243664.466982,106.4
1660243664.487004,106.5
1660243664.506971,105.5
1660243664.52689,107.0
1660243664.546969,106.5
1660243664.566868,106.3
1660243664.58693,106.4
1660243664.607945,106.9
1660243664.627924,107.2
1660243664.64687,106.8
1660243664.666955,107.1
1660243664.686852,107.0
1660243664.707882,106.8
1660243664.72792,106.7
1660243664.747943,107.2
1660243664.767889,108.5
1660243664.786831,107.3
1660243664.80684,107.7
1660243664.827887,106.9
1660243664.847896,109.2
1660243664.867824,107.5
1660243664.887813,108.0
1660243664.907744,106.5
1660243664.927899,107.0
1660243664.947745,107.4
1660243664.967749,107.3
1660243664.98775,106.7
1660243665.007719,106.8
1660243665.027648,109.7
1660243665.047655,107.2
1660243665.067646,107.6
1660243665.087646,106.1
1660243665.107645,106.6
1660243665.127662,107.7
1660243665.147644,106.3
1660243665.167636,106.4
1660243665.187537,106.0
1660243665.207514,104.8
1660243665.22756,107.1
1660243665.247537,106.1
1660243665.267528,105.1
1660243665.287557,105.6
1660243665.307543,106.4
1660243665.32752,105.3
1660243665.34756,106.4
1660243665.367541,104.8
1660243665.387546,106.1
1660243665.407435,105.6
1660243665.427433,106.3
1660243665.447435,105.5
1660243665.467438,104.9
1660243665.487443,106.5
1660243665.507441,104.8
1660243665.527424,106.7
1660243665.547424,103.6
1660243665.567411,107.4
1660243665.587425,106.1
1660243665.607448,104.8
1660243665.627378,106.4
1660243665.647395,104.9
1660243665.667429,105.1
1660243665.687376,106.0
1660243665.707384,105.6
1660243665.727407,106.9
1660243665.747459,104.5
1660243665.767402,106.7
1660243665.787413,106.3
1660243665.807439,105.3
1660243665.827434,106.3
1660243665.84744,105.5
1660243665.867286,105.9
1660243665.887349,106.0
1660243665.907328,104.9
1660243665.927346,106.4
1660243665.947328,104.3
1660243665.967343,106.2
1660243665.987238,104.9
1660243666.00725,105.3
1660243666.027249,106.3
1660243666.047246,105.1
1660243666.067246,107.0
1660243666.08725,106.3
1660243666.10715,104.7
1660243666.127151,106.1
1660243666.147142,105.2
1660243666.167163,106.3
1660243666.187035,105.8
1660243666.207036,105.5
1660243666.227035,107.1
1660243666.247032,105.6
1660243666.267087,105.9
1660243666.287034,105.8
1660243666.306984,105.8
1660243666.326921,106.1
1660243666.346916,105.9
1660243666.366935,106.3
1660243666.386941,106.3
1660243666.406944,105.2
1660243666.426947,106.7
1660243666.446944,106.2
1660243666.466953,105.2
1660243666.486946,106.1
1660243666.506904,104.3
1660243666.526874,106.6
1660243666.546881,104.3
1660243666.566908,106.4
1660243666.586898,104.9
1660243666.606901,105.7
1660243666.627878,106.5
1660243666.647881,108.4
1660243666.667816,109.2
1660243666.6868,106.6
1660243666.706778,105.7
1660243666.727782,105.6
1660243666.747794,104.5
1660243666.767773,105.3
1660243666.787776,106.7
1660243666.807779,107.1
1660243666.827691,106.3
1660243666.847676,105.9
1660243666.867738,104.9
1660243666.887745,106.3
1660243666.907708,104.6
1660243666.927583,106.5
1660243666.947588,104.8
1660243666.967582,105.0
1660243666.987644,106.0
1660243667.007638,106.0
1660243667.027636,105.6
1660243667.04763,106.0
1660243667.067603,106.2
1660243667.087497,105.2
1660243667.107477,105.7
1660243667.127504,106.3
1660243667.147481,105.4
1660243667.167485,105.4
1660243667.187478,105.2
1660243667.20754,106.4
1660243667.227484,105.7
1660243667.247484,106.2
1660243667.267466,105.6
1660243667.287461,105.8
1660243667.307563,105.8
1660243667.327452,107.0
1660243667.34745,106.8
1660243667.367552,105.3
1660243667.387536,105.4
1660243667.407418,105.7
1660243667.427383,105.9
1660243667.447357,104.5
1660243667.467392,107.3
1660243667.487257,105.6
1660243667.507369,106.3
1660243667.527297,106.2
1660243667.547276,105.8
1660243667.567276,106.3
1660243667.587273,105.6
1660243667.607264,105.8
1660243667.627237,106.6
1660243667.647144,106.6
1660243667.667194,105.9
1660243667.687162,106.2
1660243667.7072,106.3
1660243667.72717,105.6
1660243667.7472,105.1
1660243667.767123,106.6
1660243667.787076,104.9
1660243667.807092,106.0
1660243667.827124,105.1
1660243667.847109,106.5
1660243667.867092,105.9
1660243667.887079,106.4
1660243667.906985,105.1
1660243667.92699,106.5
1660243667.946986,103.2
1660243667.966989,107.4
1660243667.98702,105.5
1660243668.006989,104.8
1660243668.026912,106.6
1660243668.046894,105.7
1660243668.066985,105.8
1660243668.086924,107.4
1660243668.106979,105.8
1660243668.126906,106.0
1660243668.146916,103.5
1660243668.166945,107.2
1660243668.186881,105.2
1660243668.206882,106.1
1660243668.22786,106.3
1660243668.246895,106.5
1660243668.266862,105.5
1660243668.286861,106.6
1660243668.306935,106.0
1660243668.326836,105.9
1660243668.347843,105.9
1660243668.366865,105.6
1660243668.386774,106.3
1660243668.406752,104.5
1660243668.426751,106.3
1660243668.447746,105.5
1660243668.467733,106.1
1660243668.487734,106.7
1660243668.506782,104.9
1660243668.526776,107.1
1660243668.547779,105.5
1660243668.567774,104.6
1660243668.587774,107.0
1660243668.607745,106.4
1660243668.626779,106.0
1660243668.646676,105.9
1660243668.667643,105.0
1660243668.687648,106.3
1660243668.707649,106.5
1660243668.72767,105.0
1660243668.74767,104.9
1660243668.767654,106.7
1660243668.787676,106.5
1660243668.807656,105.8
1660243668.827549,106.1
1660243668.847592,106.4
1660243668.867564,105.7
1660243668.887561,107.0
1660243668.907614,105.8
1660243668.92757,106.5
1660243668.947473,105.3
1660243668.967453,107.1
1660243668.987496,105.7
1660243669.007488,105.5
1660243669.027483,107.0
1660243669.047394,104.5
1660243669.067413,107.4
1660243669.087397,104.9
1660243669.107397,105.1
1660243669.127456,106.9
1660243669.147363,104.5
1660243669.167303,106.3
1660243669.18735,105.1
1660243669.207333,105.5
1660243669.227329,105.9
1660243669.247346,105.1
1660243669.267244,106.4
1660243669.287207,105.4
1660243669.307266,106.4
1660243669.327211,105.2
1660243669.347246,106.2
1660243669.367253,105.1
1660243669.387131,105.2
1660243669.407117,106.8
1660243669.427174,105.5
1660243669.447181,103.6
1660243669.467195,107.3
1660243669.48715,104.6
1660243669.50703,106.3
1660243669.527003,105.4
1660243669.547046,105.9
1660243669.567037,104.7
1660243669.587083,106.6
1660243669.607048,104.7
1660243669.627071,105.7
1660243669.647044,105.5
1660243669.666936,105.6
1660243669.686954,107.1
1660243669.706941,107.2
1660243669.72694,106.0
1660243669.746839,105.5
1660243669.766842,105.6
1660243669.786842,106.2
1660243669.806888,107.0
1660243669.826844,105.8
1660243669.84682,104.7
1660243669.866774,106.1
1660243669.886789,106.2
1660243669.906813,105.2
1660243669.927719,106.3
1660243669.94772,105.0
1660243669.967719,106.1
1660243669.987693,105.6
1660243670.007694,103.7
1660243670.027696,107.2
1660243670.047689,106.1
1660243670.067713,106.6
1660243670.087692,107.0
1660243670.107632,105.9
1660243670.127717,106.4
1660243670.147635,106.3
1660243670.167644,105.6
1660243670.187644,105.8
1660243670.207582,106.0
1660243670.227568,105.6
1660243670.247588,105.7
1660243670.267609,106.3
1660243670.287502,106.3
1660243670.307502,106.1
1660243670.327516,106.3
1660243670.347512,105.6
1660243670.367518,106.2
1660243670.387492,107.1
1660243670.407421,105.4
1660243670.427468,104.6
1660243670.447386,104.7
1660243670.467391,106.2
1660243670.487389,105.1
1660243670.507439,106.0
1660243670.527404,105.9
1660243670.547298,104.2
1660243670.567294,107.1
1660243670.587302,103.8
1660243670.607341,106.7
1660243670.627349,103.5
1660243670.647264,107.0
1660243670.66726,105.0
1660243670.687253,106.2
1660243670.707259,105.9
1660243670.727251,105.4
1660243670.74723,105.9
1660243670.76724,104.5
1660243670.787157,107.4
1660243670.807159,107.1
1660243670.827145,106.1
1660243670.84714,103.5
1660243670.867136,107.2
1660243670.887173,106.3
1660243670.90714,104.9
1660243670.92715,106.7
1660243670.947138,104.3
1660243670.967154,107.1
1660243670.987063,104.8
1660243671.007146,105.2
1660243671.027028,105.1
1660243671.047081,105.8
1660243671.067047,105.1
1660243671.087056,114.6
1660243671.10704,123.6
1660243671.127052,112.2
1660243671.146952,117.8
1660243671.166931,116.4
1660243671.187046,112.6
1660243671.206943,116.0
1660243671.226847,115.1
1660243671.246828,121.9
1660243671.266855,124.4
1660243671.286838,123.7
1660243671.306788,119.2
1660243671.32675,122.6
1660243671.347755,122.0
1660243671.367751,121.3
1660243671.386741,122.3
1660243671.406733,122.3
1660243671.427752,120.6
1660243671.447759,123.0
1660243671.467648,121.3
1660243671.487655,122.8
1660243671.50679,121.4
1660243671.527754,120.4
1660243671.547612,123.8
1660243671.567752,121.5
1660243671.587672,123.7
1660243671.607671,124.3
1660243671.627676,139.7
1660243671.647572,137.8
1660243671.667572,138.3
1660243671.687571,131.5
1660243671.707604,133.2
1660243671.727576,134.4
1660243671.747602,135.6
1660243671.767574,137.4
1660243671.787504,140.3
1660243671.807486,136.1
1660243671.827511,136.4
1660243671.84747,136.0
1660243671.867471,137.0
1660243671.887474,135.9
1660243671.907472,135.4
1660243671.927473,133.8
1660243671.947434,135.7
1660243671.967373,136.0
1660243671.987363,136.1
1660243672.007343,137.0
1660243672.027341,136.9
1660243672.047368,131.6
1660243672.06734,136.1
1660243672.087371,135.4
1660243672.107374,136.7
1660243672.127345,132.0
1660243672.147264,131.3
1660243672.167271,131.3
1660243672.187293,131.5
1660243672.20728,131.3
1660243672.227248,133.0
1660243672.247273,131.3
1660243672.267162,133.4
1660243672.287174,130.7
1660243672.30717,131.2
1660243672.327148,132.6
1660243672.347203,131.8
1660243672.367098,131.4
1660243672.387091,132.1
1660243672.407143,134.2
1660243672.427094,132.8
1660243672.44716,137.1
1660243672.467156,130.8
1660243672.487154,130.6
1660243672.506988,135.4
1660243672.526975,134.4
1660243672.547136,133.4
1660243672.567042,134.6
1660243672.586931,133.6
1660243672.607064,130.7
1660243672.626908,136.8
1660243672.646917,133.0
1660243672.666906,135.9
1660243672.686886,135.8
1660243672.70678,136.7
1660243672.726889,133.1
1660243672.746903,124.5
1660243672.766794,124.5
1660243672.786788,124.3
1660243672.80679,119.0
1660243672.826779,117.7
1660243672.846718,117.7
1660243672.866779,118.0
1660243672.886782,117.2
1660243672.906803,118.3
1660243672.927712,118.0
1660243672.94667,118.7
1660243672.967691,112.4
1660243672.986622,104.6
1660243673.006622,106.2
1660243673.027602,107.2
1660243673.04762,107.5
1660243673.0676,107.5
1660243673.086644,107.7
1660243673.107596,107.4
1660243673.1276,108.4
1660243673.1476,106.5
1660243673.1676,107.1
1660243673.187536,107.4
1660243673.207495,106.9
1660243673.227533,107.1
1660243673.247536,107.0
1660243673.26744,107.2
1660243673.287432,108.5
1660243673.307422,106.2
1660243673.327435,107.0
1660243673.347447,107.0
1660243673.367443,106.9
1660243673.387438,107.2
1660243673.407426,106.9
1660243673.427336,107.1
1660243673.447321,107.2
1660243673.467322,106.8
1660243673.487368,107.0
1660243673.507387,107.9
1660243673.527247,106.3
1660243673.547224,106.8
1660243673.567231,106.8
1660243673.587225,107.6
1660243673.607238,106.6
1660243673.627176,106.9
1660243673.647208,106.8
1660243673.66714,106.7
1660243673.687203,107.0
1660243673.707209,107.0
1660243673.727147,107.4
1660243673.747219,106.7
1660243673.767163,108.1
1660243673.787088,106.4
1660243673.807042,109.2
1660243673.827143,106.0
1660243673.847153,106.7
1660243673.867081,106.9
1660243673.886975,107.7
1660243673.907052,107.4
1660243673.927055,107.9
1660243673.947042,106.9
1660243673.967017,106.8
1660243673.987015,107.9
1660243674.006986,106.4
1660243674.02694,106.6
1660243674.046983,107.0
1660243674.067036,107.0
1660243674.08687,111.5
1660243674.106866,108.5
1660243674.126921,107.2
1660243674.146917,107.6
1660243674.166882,107.3
1660243674.186838,106.7
1660243674.206866,109.6
1660243674.226834,107.1
1660243674.246763,107.2
1660243674.266737,106.7
1660243674.286772,106.7
1660243674.306772,107.3
1660243674.326738,106.6
1660243674.346772,107.3
1660243674.366771,106.8
1660243674.386776,108.6
1660243674.407721,106.1
1660243674.426742,106.7
1660243674.446742,107.0
1660243674.466672,106.7
1660243674.48665,107.6
1660243674.506675,107.3
1660243674.527621,106.6
1660243674.547634,108.1
1660243674.567636,106.4
1660243674.587658,106.8
1660243674.606628,106.9
1660243674.627537,106.8
1660243674.647549,106.8
1660243674.667598,106.9
1660243674.687562,108.3
1660243674.707558,106.3
1660243674.727565,106.9
1660243674.747563,106.9
1660243674.76756,106.9
1660243674.787456,108.2
1660243674.807461,106.8
1660243674.82742,106.7
1660243674.847417,108.0
1660243674.867417,106.3
1660243674.887418,106.8
1660243674.907387,108.6
1660243674.927389,106.4
1660243674.947394,106.9
1660243674.967318,107.6
1660243674.987406,107.3
1660243675.007322,106.8
1660243675.027291,106.8
1660243675.047317,107.5
1660243675.067293,106.7
1660243675.087322,107.0
1660243675.107295,108.1
1660243675.127209,108.7
1660243675.14728,109.1
1660243675.167175,106.2
1660243675.187208,111.4
1660243675.207178,121.4
1660243675.22718,120.0
1660243675.247108,118.2
1660243675.267108,118.7
1660243675.287111,118.9
1660243675.307088,117.1
1660243675.327098,116.5
1660243675.347088,116.1
1660243675.367015,117.3
1660243675.387011,118.1
1660243675.406991,114.6
1660243675.427013,127.5
1660243675.447012,125.1
1660243675.466987,124.1
1660243675.487117,123.9
1660243675.506997,124.0
1660243675.527018,123.0
1660243675.547002,123.2
1660243675.567019,124.0
1660243675.586903,125.1
1660243675.606905,125.2
1660243675.626912,125.8
1660243675.646829,124.8
1660243675.666955,127.8
1660243675.686947,126.0
1660243675.706967,126.9
1660243675.726909,123.9
1660243675.746841,125.5
1660243675.76692,123.2
1660243675.786757,123.7
1660243675.806788,124.0
1660243675.826782,123.9
1660243675.846799,123.2
1660243675.866733,124.2
1660243675.886722,124.1
1660243675.907689,124.9
1660243675.9277,124.8
1660243675.947676,128.0
1660243675.966689,124.0
1660243675.986587,127.1
1660243676.006584,125.1
1660243676.027553,125.7
1660243676.047527,124.5
1660243676.067567,124.8
1660243676.087569,124.6
1660243676.107536,125.0
1660243676.127436,125.7
1660243676.147437,124.1
1660243676.167442,125.3
1660243676.187441,124.5
1660243676.207439,124.2
1660243676.227442,124.6
1660243676.247473,124.7
1660243676.267474,125.0
1660243676.287325,124.7
1660243676.307337,124.7
1660243676.327338,124.1
1660243676.347344,124.7
1660243676.367346,124.4
1660243676.387298,125.0
1660243676.407345,124.2
1660243676.4273,124.2
1660243676.447329,124.6
1660243676.467241,124.2
1660243676.487239,124.5
1660243676.507268,124.2
1660243676.527229,124.2
1660243676.547247,124.6
1660243676.56723,126.9
1660243676.587244,122.8
1660243676.607272,124.0
1660243676.627232,125.3
1660243676.647278,125.5
1660243676.667131,125.8
1660243676.687123,124.1
1660243676.707118,127.2
1660243676.727134,123.2
1660243676.747161,126.1
1660243676.767133,123.7
1660243676.787124,123.8
1660243676.80713,124.9
1660243676.827027,125.8
1660243676.847018,125.8
1660243676.867095,124.3
1660243676.887095,125.3
1660243676.907088,124.1
1660243676.927033,125.2
1660243676.94704,124.6
1660243676.967046,125.1
1660243676.987046,124.2
1660243677.007036,124.6
1660243677.026939,125.1
1660243677.046942,123.9
1660243677.067022,122.5
1660243677.08694,125.3
1660243677.10695,126.9
1660243677.126947,126.4
1660243677.146819,120.3
1660243677.166841,111.7
1660243677.186835,117.3
1660243677.206955,117.8
1660243677.226828,114.6
1660243677.246814,118.2
1660243677.266843,115.6
1660243677.286813,115.9
1660243677.306774,117.0
1660243677.326796,116.5
1660243677.346832,116.9
1660243677.366768,116.5
1660243677.386717,116.2
1660243677.406731,116.1
1660243677.42667,117.0
1660243677.446595,116.1
1660243677.466636,116.4
1660243677.486633,116.5
1660243677.507609,116.0
1660243677.527585,118.7
1660243677.547565,117.2
1660243677.567625,121.2
1660243677.627502,147.2
1660243677.647487,142.6
1660243677.667468,133.5
1660243677.687487,136.3
1660243677.707492,153.0
1660243677.727479,138.1
1660243677.747423,137.7
1660243677.767434,143.9
1660243677.78741,135.8
1660243677.8074,134.7
1660243677.827381,141.6
1660243677.847419,130.5
1660243677.8674,135.8
1660243677.88742,120.1
1660243677.907332,126.3
1660243677.927361,129.0
1660243677.947216,114.6
1660243677.967195,117.6
1660243677.987181,131.3
1660243678.007182,117.4
1660243678.027178,122.9
1660243678.047178,119.4
1660243678.067192,116.6
1660243678.087208,119.3
1660243678.10719,125.9
1660243678.127179,126.1
1660243678.147179,116.6
1660243678.167071,116.9
1660243678.187084,127.7
1660243678.207075,135.8
1660243678.227102,114.7
1660243678.24712,98.8
1660243678.267079,121.1
1660243678.28708,114.7
1660243678.307108,112.1
1660243678.327109,106.4
1660243678.346975,109.2
1660243678.366993,114.1
1660243678.387006,117.1
1660243678.407001,103.0
1660243678.426988,101.4
1660243678.446996,108.1
1660243678.467016,107.6
1660243678.487007,106.3
1660243678.506981,106.4
1660243678.527014,106.1
1660243678.546907,106.1
1660243678.56691,106.2
1660243678.586888,116.0
1660243678.60691,133.2
1660243678.62689,126.7
1660243678.64691,114.0
1660243678.666894,109.7
1660243678.686812,105.4
1660243678.706891,107.9
1660243678.726863,107.5
1660243678.74684,105.8
1660243678.766757,108.9
1660243678.78676,107.9
1660243678.806818,105.6
1660243678.826828,108.1
1660243678.846837,110.3
1660243678.866734,105.2
1660243678.886735,106.2
1660243678.906732,106.5
1660243678.92672,106.2
1660243678.946752,106.0
1660243678.96676,106.2
1660243678.986748,108.1
1660243679.006687,110.8
1660243679.026689,106.3
1660243679.046674,109.0
1660243679.066656,112.5
1660243679.086651,105.8
1660243679.106731,105.0
1660243679.126639,105.6
1660243679.1467,106.7
1660243679.166681,105.0
1660243679.186701,105.5
1660243679.207672,105.3
1660243679.226699,106.6
1660243679.246604,106.6
1660243679.266608,106.4
1660243679.286604,106.3
1660243679.306609,105.9
1660243679.327538,106.7
1660243679.347537,106.3
1660243679.367618,105.7
1660243679.3865,105.2
1660243679.407465,106.3
1660243679.427468,106.1
1660243679.447446,106.2
1660243679.467452,106.0
1660243679.487364,106.7
1660243679.507296,108.2
1660243679.52737,119.7
1660243679.547238,111.6
1660243679.567281,116.5
1660243679.58728,112.5
1660243679.607194,125.3
1660243679.627198,113.5
1660243679.64724,122.1
1660243679.66723,103.9
1660243679.687233,103.3
1660243679.707157,107.2
1660243679.72723,106.4
1660243679.747176,106.8
1660243679.767233,113.5
1660243679.787152,123.6
1660243679.807134,121.7
1660243679.827187,109.7
1660243679.847179,113.4
1660243679.867142,115.9
1660243679.887045,114.9
1660243679.907082,114.6
1660243679.92708,113.3
1660243679.947056,116.9
1660243679.967078,112.1
1660243679.987056,115.5
1660243680.006981,112.4
1660243680.026947,113.8
1660243680.046998,114.6
1660243680.066958,114.1
1660243680.086876,116.5
1660243680.106946,113.6
1660243680.126883,115.0
1660243680.146869,113.2
1660243680.166868,113.7
1660243680.186836,114.0
1660243680.206868,116.5
1660243680.226818,113.0
1660243680.24676,114.2
1660243680.266736,121.2
1660243680.286737,128.1
1660243680.30674,114.6
1660243680.32685,108.8
1660243680.346747,114.6
1660243680.366649,115.4
1660243680.38666,113.4
1660243680.406696,113.8
1660243680.426634,118.4
1660243680.446609,124.8
1660243680.466653,122.7
1660243680.486739,122.3
1660243680.506581,118.3
1660243680.526605,111.2
1660243680.586576,115.6
1660243680.60759,112.1
1660243680.626504,116.1
1660243680.647547,112.1
1660243680.66649,116.7
1660243680.686512,116.8
1660243680.707542,118.0
1660243680.727416,117.6
1660243680.747382,123.6
1660243680.767416,129.9
1660243680.787389,122.6
1660243680.807312,117.4
1660243680.827404,132.3
1660243680.847298,130.0
1660243680.867298,117.5
1660243680.88728,116.1
1660243680.907294,112.6
1660243680.927295,119.9
1660243680.947305,117.7
1660243680.967294,124.9
1660243680.987288,114.5
1660243681.007192,111.8
1660243681.027183,115.0
1660243681.04719,114.6
1660243681.067189,116.1
1660243681.087082,114.4
1660243681.107122,115.1
1660243681.127085,117.4
1660243681.147085,113.4
1660243681.167087,117.3
1660243681.187086,114.1
1660243681.207111,114.6
1660243681.22712,117.2
1660243681.247104,117.7
1660243681.267047,117.8
1660243681.287129,116.3
1660243681.306994,118.5
1660243681.327018,117.2
1660243681.34704,110.7
1660243681.367023,104.4
1660243681.386918,115.2
1660243681.406921,120.8
1660243681.42695,114.1
1660243681.44693,112.4
1660243681.466984,116.8
1660243681.48701,115.0
1660243681.507001,114.2
1660243681.526838,114.6
1660243681.546851,115.5
1660243681.566834,114.4
1660243681.586889,115.4
1660243681.606867,112.7
1660243681.626887,115.2
1660243681.646871,114.6
1660243681.666826,115.0
1660243681.686719,114.8
1660243681.706782,115.9
1660243681.726761,113.8
1660243681.746774,114.9
1660243681.766787,115.2
1660243681.786682,113.9
1660243681.806684,114.4
1660243681.826805,115.0
1660243681.846707,114.4
1660243681.866674,113.7
1660243681.88667,115.8
1660243681.906566,116.2
1660243681.926566,118.6
1660243681.946568,117.8
1660243681.966576,117.8
1660243681.987525,115.8
1660243682.007527,114.6
1660243682.02647,118.2
1660243682.046474,112.5
1660243682.066475,116.8
1660243682.086465,114.0
1660243682.107431,116.0
1660243682.127428,113.8
1660243682.147424,117.0
1660243682.167425,113.2
1660243682.186381,117.0
1660243682.207434,112.1
1660243682.227329,115.8
1660243682.247326,114.7
1660243682.267325,115.6
1660243682.287329,115.3
1660243682.307356,127.1
1660243682.327326,126.6
1660243682.347334,125.6
1660243682.367337,123.2
1660243682.38726,115.6
1660243682.407336,114.4
1660243682.427236,111.9
1660243682.44726,103.0
1660243682.467257,104.4
1660243682.48726,106.0
1660243682.507232,105.8
1660243682.527258,106.4
1660243682.54723,104.8
1660243682.567216,107.0
1660243682.58726,105.6
1660243682.607251,106.1
1660243682.627222,104.4
1660243682.647117,106.6
1660243682.667118,105.3
1660243682.687117,105.8
1660243682.707161,105.7
1660243682.727136,106.0
1660243682.747134,106.5
1660243682.767155,106.0
1660243682.787131,109.8
1660243682.807138,114.4
1660243682.827028,105.7
1660243682.847051,103.7
1660243682.867052,113.2
1660243682.887027,104.5
1660243682.907032,104.7
1660243682.927056,106.6
1660243682.947056,105.6
1660243682.967039,106.9
1660243682.987068,105.2
1660243683.00704,107.3
1660243683.026975,106.4
1660243683.046976,106.8
1660243683.06694,107.7
1660243683.086976,107.2
1660243683.106982,105.6
1660243683.126984,105.3
1660243683.146968,105.5
1660243683.16701,106.8
1660243683.186971,106.4
1660243683.206868,106.4
1660243683.226877,104.4
1660243683.24687,106.7
1660243683.266866,105.6
1660243683.286866,106.5
1660243683.306871,105.5
1660243683.326936,105.9
1660243683.346797,106.9
1660243683.366786,114.2
1660243683.386862,107.3
1660243683.406861,104.9
1660243683.426702,111.7
1660243683.446713,122.1
1660243683.466743,117.8
1660243683.48667,116.2
1660243683.506686,118.0
1660243683.526758,117.6
1660243683.546686,118.4
1660243683.566661,108.3
1660243683.586631,102.1
1660243683.606631,107.2
1660243683.626677,109.7
1660243683.646632,105.5
1660243683.666636,105.6
1660243683.686529,105.1
1660243683.706529,107.6
1660243683.726534,119.9
1660243683.746554,116.1
1660243683.76644,111.9
1660243683.786508,116.4
1660243683.80741,113.6
1660243683.82741,113.9
1660243683.846445,114.6
1660243683.866393,114.3
1660243683.886476,114.8
1660243683.907401,113.7
1660243683.92747,113.4
1660243683.947509,116.4
1660243683.967428,112.5
1660243683.987438,115.3
1660243684.007314,114.2
1660243684.027347,113.7
1660243684.047403,115.2
1660243684.067198,113.6
1660243684.087223,113.8
1660243684.107176,114.2
1660243684.127193,113.8
1660243684.147232,114.6
1660243684.167175,114.7
1660243684.187179,114.6
1660243684.20722,113.4
1660243684.227072,116.2
1660243684.247073,117.2
1660243684.267128,116.8
1660243684.287157,117.4
1660243684.307098,115.4
1660243684.327072,105.9
1660243684.34712,115.2
1660243684.367016,109.2
1660243684.386991,101.6
1660243684.407055,113.3
1660243684.427055,110.9
1660243684.447042,104.1
1660243684.467006,106.3
1660243684.487011,106.2
1660243684.506928,104.4
1660243684.52693,106.3
1660243684.546892,105.2
1660243684.566903,106.7
1660243684.586926,106.3
1660243684.60691,105.2
1660243684.626871,108.0
1660243684.646835,110.6
1660243684.66684,111.0
1660243684.686755,106.1
1660243684.706758,107.7
1660243684.726726,111.1
1660243684.746762,105.0
1660243684.766787,106.3
1660243684.786828,106.9
1660243684.806737,106.6
1660243684.826761,106.5
1660243684.846773,106.3
1660243684.86673,106.3
1660243684.886632,106.5
1660243684.906661,105.8
1660243684.926784,106.3
1660243684.946785,105.4
1660243684.966644,106.7
1660243684.986588,105.5
1660243685.006689,106.5
1660243685.026666,106.8
1660243685.046663,104.9
1660243685.066634,106.6
1660243685.086537,104.9
1660243685.10644,107.0
1660243685.126439,105.3
1660243685.146437,106.4
1660243685.166444,105.5
1660243685.187487,107.7
1660243685.207474,106.3
1660243685.227358,116.2
1660243685.247363,107.6
1660243685.266362,101.1
1660243685.286376,106.9
1660243685.307384,106.0
1660243685.327354,105.2
1660243685.347399,104.9
1660243685.367323,106.7
1660243685.387295,105.3
1660243685.407296,106.1
1660243685.4273,105.9
1660243685.447254,105.6
1660243685.467315,105.5
1660243685.487249,106.4
1660243685.507259,106.4
1660243685.527273,104.9
1660243685.547254,104.7
1660243685.567331,104.8
1660243685.587223,106.1
1660243685.607193,106.8
1660243685.627259,106.3
1660243685.647264,103.9
1660243685.667282,105.8
1660243685.687178,104.5
1660243685.70718,105.5
1660243685.727186,105.8
1660243685.747184,104.9
1660243685.767076,107.1
1660243685.78715,105.7
1660243685.807077,106.0
1660243685.827076,106.9
1660243685.847078,105.0
1660243685.867078,105.6
1660243685.887013,105.0
1660243685.906982,105.7
1660243685.926975,106.6
1660243685.947009,105.0
1660243685.966986,106.0
1660243685.987066,106.2
1660243686.00701,105.3
1660243686.026896,108.2
1660243686.046902,106.8
1660243686.066963,105.9
1660243686.086901,106.0
1660243686.106895,106.2
1660243686.126892,105.2
1660243686.146897,107.0
1660243686.166897,105.5
1660243686.186886,106.2
1660243686.206826,104.8
1660243686.226855,106.9
1660243686.246852,104.4
1660243686.266876,106.3
1660243686.286864,103.9
1660243686.306859,106.1
1660243686.326838,104.7
1660243686.346838,104.9
1660243686.36682,106.3
1660243686.386784,104.8
1660243686.40683,106.3
1660243686.426817,105.3
1660243686.44679,105.9
1660243686.466802,105.2
1660243686.486836,105.1
1660243686.506742,105.7
1660243686.526693,106.3
1660243686.54677,105.2
1660243686.566688,115.6
1660243686.586733,118.5
1660243686.606697,112.2
1660243686.626742,113.1
1660243686.6467,114.7
1660243686.666632,113.6
1660243686.686587,113.2
1660243686.706574,115.4
1660243686.726583,112.4
1660243686.746592,114.2
1660243686.76653,113.3
1660243686.786533,115.3
1660243686.80657,113.2
1660243686.82649,113.5
1660243686.84648,114.6
1660243686.866507,114.3
1660243686.886515,116.4
1660243686.906546,116.1
1660243686.926436,116.0
1660243686.946442,116.8
1660243686.966414,115.8
1660243686.986422,110.4
1660243687.007417,103.3
1660243687.026526,106.2
1660243687.046523,105.3
1660243687.066491,106.7
1660243687.086407,105.0
1660243687.10731,106.1
1660243687.127301,106.3
1660243687.1473,105.3
1660243687.167328,105.9
1660243687.187348,104.9
1660243687.207375,106.6
1660243687.227306,106.5
1660243687.247279,105.2
1660243687.267322,106.5
1660243687.287222,106.6
1660243687.307228,106.3
1660243687.32728,106.0
1660243687.347137,106.3
1660243687.367126,105.2
1660243687.387256,106.6
1660243687.407178,105.4
1660243687.427261,105.9
1660243687.447187,106.1
1660243687.4672,105.7
1660243687.487206,106.3
1660243687.507175,105.6
1660243687.527042,106.3
1660243687.547102,104.1
1660243687.567164,106.4
1660243687.587068,103.9
1660243687.607072,106.3
1660243687.626996,104.7
1660243687.64704,105.9
1660243687.66707,105.7
1660243687.687021,106.3
1660243687.70705,107.1
1660243687.726921,108.7
1660243687.746923,118.2
1660243687.766944,126.9
1660243687.787059,115.1
1660243687.806969,114.7
1660243687.827004,118.2
1660243687.846975,117.5
1660243687.866949,117.4
1660243687.88697,108.2
1660243687.90691,105.1
1660243687.926846,106.3
1660243687.94682,105.8
1660243687.966848,106.4
1660243687.98682,106.9
1660243688.006828,105.3
1660243688.026788,106.9
1660243688.046835,106.5
1660243688.066838,107.6
1660243688.086743,124.9
1660243688.10682,110.9
1660243688.126796,100.6
1660243688.146692,108.2
1660243688.166681,107.3
1660243688.186678,112.9
1660243688.206708,114.1
1660243688.226634,103.0
1660243688.24663,105.8
1660243688.266541,106.4
1660243688.286635,107.6
1660243688.306555,118.6
1660243688.326555,107.4
1660243688.346557,101.6
1660243688.36655,107.7
1660243688.386605,106.8
1660243688.406567,115.2
1660243688.42656,110.4
1660243688.446458,103.1
1660243688.46647,106.1
1660243688.486463,105.6
1660243688.506409,111.2
1660243688.527365,118.0
1660243688.546414,104.4
1660243688.566357,103.6
1660243688.587413,107.0
1660243688.607353,107.9
1660243688.627485,124.7
1660243688.647231,110.4
1660243688.667241,99.8
1660243688.68734,106.7
1660243688.707249,107.3
1660243688.727228,119.5
1660243688.747205,120.2
1660243688.767199,102.9
1660243688.7872,104.1
1660243688.807184,107.9
1660243688.827187,109.9
1660243688.847146,116.0
1660243688.867071,105.6
1660243688.887073,104.2
1660243688.907108,106.9
1660243688.927074,106.8
1660243688.947093,115.1
1660243688.967091,113.7
1660243688.987086,104.1
1660243689.007144,104.8
1660243689.027084,107.2
1660243689.047073,109.7
1660243689.06701,116.9
1660243689.087083,105.3
1660243689.107044,103.2
1660243689.127083,107.7
1660243689.146978,107.1
1660243689.167005,106.7
1660243689.186972,106.6
1660243689.206887,106.2
1660243689.226906,106.2
1660243689.246889,106.3
1660243689.266888,112.8
1660243689.286884,114.5
1660243689.306885,103.7
1660243689.326888,104.9
1660243689.346839,106.3
1660243689.366886,108.1
1660243689.386887,118.5
1660243689.406836,106.7
1660243689.426835,102.1
1660243689.446822,107.6
1660243689.466825,106.7
1660243689.486752,107.3
1660243689.506754,106.7
1660243689.526747,106.3
1660243689.546754,106.4
1660243689.56676,106.3
1660243689.586761,106.3
1660243689.606712,105.6
1660243689.626684,106.1
1660243689.64669,105.5
1660243689.666702,106.5
1660243689.686685,107.0
1660243689.706684,106.6
1660243689.726688,106.4
1660243689.746706,106.5
1660243689.766612,106.3
1660243689.786619,106.3
1660243689.806613,106.0
1660243689.826694,107.1
1660243689.84669,106.5
1660243689.866623,106.0
1660243689.88662,106.4
1660243689.906599,106.1
1660243689.926612,106.7
1660243689.946599,106.6
1660243689.966604,106.7
1660243689.986489,107.4
1660243690.0065,105.7
1660243690.02652,106.4
1660243690.046504,106.3
1660243690.066524,106.2
1660243690.0865,106.2
1660243690.106508,106.0
1660243690.1264,106.8
1660243690.146425,106.7
1660243690.166403,106.9
1660243690.186418,108.1
1660243690.206399,106.3
1660243690.22642,106.7
1660243690.246388,106.9
1660243690.266431,106.5
1660243690.286405,107.4
1660243690.307308,106.1
1660243690.327416,106.6
1660243690.34725,106.6
1660243690.36725,107.1
1660243690.3862,107.5
1660243690.407204,107.1
1660243690.427257,106.1
1660243690.447279,107.2
1660243690.467241,106.5
1660243690.487245,106.6
1660243690.506293,108.2
1660243690.52717,106.6
1660243690.547238,106.8
1660243690.567132,106.4
1660243690.587151,107.4
1660243690.607172,106.3
1660243690.627175,106.9
1660243690.647156,107.2
1660243690.667055,109.6
1660243690.687032,106.5
1660243690.707053,109.7
1660243690.72704,106.3
1660243690.747041,106.5
1660243690.767053,106.1
1660243690.787061,106.3
1660243690.806936,106.1
1660243690.826946,106.2
1660243690.846949,106.0
1660243690.866952,106.4
1660243690.886964,106.5
1660243690.906962,105.9
1660243690.926961,105.6
1660243690.94686,105.1
1660243690.966863,107.1
1660243690.98686,106.0
1660243691.00685,105.4
1660243691.026869,105.2
1660243691.046848,106.8
1660243691.066851,106.3
1660243691.086851,104.7
1660243691.106852,107.3
1660243691.126858,106.0
1660243691.146748,105.4
1660243691.16675,105.4
1660243691.186793,106.1
1660243691.20675,105.1
1660243691.226754,106.3
1660243691.246758,105.5
1660243691.266678,106.1
1660243691.286764,106.3
1660243691.306653,105.3
1660243691.326704,106.0
1660243691.346685,106.3
1660243691.366648,107.0
1660243691.386648,106.4
1660243691.406548,104.7
1660243691.426541,106.7
1660243691.446542,104.0
1660243691.466558,107.2
1660243691.486546,105.4
1660243691.506546,105.5
1660243691.526456,106.1
1660243691.546473,105.3
1660243691.566445,106.4
1660243691.58644,105.6
1660243691.606462,104.0
1660243691.626469,106.3
1660243691.646464,104.5
1660243691.666467,105.9
1660243691.686465,106.1
1660243691.706461,105.6
1660243691.72646,106.3
1660243691.746469,106.4
1660243691.766354,105.5
1660243691.786341,106.0
1660243691.806338,105.0
1660243691.826362,105.6
1660243691.846354,106.1
1660243691.866354,105.9
1660243691.886339,105.5
1660243691.907298,105.9
1660243691.926281,106.0
1660243691.94634,106.5
1660243691.966279,105.7
1660243691.986283,106.3
1660243692.007327,105.3
1660243692.027318,106.6
1660243692.047216,104.8
1660243692.066216,106.7
1660243692.086211,106.2
1660243692.107207,106.1
1660243692.127234,106.5
1660243692.147203,108.1
1660243692.167206,118.8
1660243692.187098,107.9
1660243692.207101,102.8
1660243692.22711,107.3
1660243692.247116,106.3
1660243692.26704,107.9
1660243692.286997,109.4
1660243692.307001,105.9
1660243692.327005,106.2
1660243692.347003,106.4
1660243692.367001,105.8
1660243692.387011,105.6
1660243692.407022,106.1
1660243692.427016,105.2
1660243692.44702,106.3
1660243692.466916,103.7
1660243692.486923,106.8
1660243692.506923,103.8
1660243692.52692,107.4
1660243692.54694,106.4
1660243692.566924,103.9
1660243692.586923,107.2
1660243692.606815,104.1
1660243692.626817,107.5
1660243692.646779,117.1
1660243692.666814,110.3
1660243692.686819,101.8
1660243692.706829,112.9
1660243692.726819,114.9
1660243692.746822,113.5
1660243692.76672,108.3
1660243692.786724,106.7
1660243692.806749,116.9
1660243692.826746,105.6
1660243692.846641,101.6
1660243692.866645,107.3
1660243692.886619,106.3
1660243692.90662,104.2
1660243692.92663,107.1
1660243692.946608,106.0
1660243692.966524,106.0
1660243692.986539,106.5
1660243693.006527,105.3
1660243693.026516,105.3
1660243693.046519,105.4
1660243693.066526,106.2
1660243693.086526,105.1
1660243693.106501,105.2
1660243693.12653,106.6
1660243693.146532,106.1
1660243693.166497,105.6
1660243693.18651,106.3
1660243693.206501,106.2
1660243693.22643,104.9
1660243693.246428,104.9
1660243693.2664,105.4
1660243693.286429,106.7
1660243693.30641,106.3
1660243693.326408,106.5
1660243693.346301,106.3
1660243693.366328,106.0
1660243693.386305,106.7
1660243693.40727,106.2
1660243693.426306,106.5
1660243693.446306,104.8
1660243693.466225,106.6
1660243693.486304,105.6
1660243693.507254,106.3
1660243693.527212,107.0
1660243693.546211,106.6
1660243693.566242,106.4
1660243693.586258,106.4
1660243693.606215,106.1
1660243693.627153,106.3
1660243693.647155,106.5
1660243693.667173,105.2
1660243693.687157,104.3
1660243693.707158,108.6
1660243693.727058,108.2
1660243693.747073,106.3
1660243693.76707,105.7
1660243693.78707,106.7
1660243693.80706,107.6
1660243693.827081,106.6
1660243693.847067,106.2
1660243693.866982,106.1
1660243693.886978,107.5
1660243693.906943,106.3
1660243693.926984,106.3
1660243693.946941,106.4
1660243693.966973,106.3
1660243693.986941,106.7
1660243694.006868,106.6
1660243694.026941,106.2
1660243694.046871,105.1
1660243694.066944,106.5
1660243694.086854,105.8
1660243694.106856,107.5
1660243694.126874,106.1
1660243694.146858,106.3
1660243694.166876,107.5
1660243694.186774,106.9
1660243694.206771,106.1
1660243694.22677,106.1
1660243694.246775,105.5
1660243694.266775,106.3
1660243694.286775,106.3
1660243694.306761,105.3
1660243694.326761,106.8
1660243694.346663,107.2
1660243694.366658,106.7
1660243694.386659,105.9
1660243694.406657,105.9
1660243694.426713,105.2
1660243694.446711,105.5
1660243694.466722,105.4
1660243694.486666,106.2
1660243694.506662,105.3
1660243694.526645,105.4
1660243694.54657,106.6
1660243694.566572,105.4
1660243694.58656,106.4
1660243694.60657,104.0
1660243694.626487,108.9
1660243694.646567,109.1
1660243694.66655,105.3
1660243694.686632,106.2
1660243694.706564,106.0
1660243694.726444,105.3
1660243694.746449,106.7
1660243694.766488,106.5
1660243694.786388,106.7
1660243694.806402,107.7
1660243694.826412,107.8
1660243694.846404,106.2
1660243694.866391,105.9
1660243694.886396,110.4
1660243694.906365,109.2
1660243694.926273,105.7
1660243694.946266,105.6
1660243694.966193,104.8
1660243694.986166,107.0
1660243695.007225,107.1
1660243695.027203,117.9
1660243695.047112,119.1
1660243695.067113,117.1
1660243695.086163,110.1
1660243695.1071,101.0
1660243695.127117,106.3
1660243695.147125,107.0
1660243695.167111,106.2
1660243695.18702,106.3
1660243695.20701,106.1
1660243695.227017,106.2
1660243695.24702,106.6
1660243695.267017,106.2
1660243695.287005,106.0
1660243695.307006,105.8
1660243695.326999,105.2
1660243695.346928,106.4
1660243695.367008,106.1
1660243695.386992,106.5
1660243695.407012,104.6
1660243695.426924,107.2
1660243695.446923,106.4
1660243695.466896,106.2
1660243695.486898,105.5
1660243695.506919,105.6
1660243695.526898,107.1
1660243695.546898,106.3
1660243695.566793,106.0
1660243695.58678,104.9
1660243695.606829,108.3
1660243695.626822,107.0
1660243695.6468,106.6
1660243695.666793,105.6
1660243695.686702,104.4
1660243695.706692,106.2
1660243695.726699,105.2
1660243695.74669,106.0
1660243695.766691,105.1
1660243695.78675,107.0
1660243695.80671,106.3
1660243695.826708,105.3
1660243695.846706,106.5
1660243695.8666,105.7
1660243695.886609,106.3
1660243695.9066,105.3
1660243695.926603,105.5
1660243695.946603,106.8
1660243695.966502,106.4
1660243695.986526,106.4
1660243696.006605,106.6
1660243696.026553,106.6
1660243696.046541,107.0
1660243696.066527,107.0
1660243696.086455,106.7
1660243696.106433,106.6
1660243696.126482,106.3
1660243696.146442,106.2
1660243696.166401,107.2
1660243696.186407,106.3
1660243696.20648,107.5
1660243696.22641,106.3
1660243696.246382,105.8
1660243696.266371,106.6
1660243696.286337,106.2
1660243696.306338,103.5
1660243696.326354,106.6
1660243696.3463,104.3
1660243696.366313,106.9
1660243696.386308,106.1
1660243696.406292,105.4
1660243696.426287,105.7
1660243696.446285,106.3
1660243696.466308,109.1
1660243696.486204,120.0
1660243696.506207,116.1
1660243696.526204,111.5
1660243696.546207,113.5
1660243696.566192,114.5
1660243696.586214,113.4
1660243696.607153,113.7
1660243696.626208,115.4
1660243696.646208,116.8
1660243696.666112,112.4
1660243696.686118,114.4
1660243696.707159,117.5
1660243696.727151,112.1
1660243696.747168,114.1
1660243696.767073,113.8
1660243696.787055,114.6
1660243696.807061,118.9
1660243696.827066,117.1
1660243696.847062,116.1
1660243696.86706,116.6
1660243696.887098,116.5
1660243696.907109,104.6
1660243696.927084,106.5
1660243696.947084,119.9
1660243696.967082,118.7
1660243696.987066,115.7
1660243697.007093,117.2
1660243697.026981,115.7
1660243697.046975,118.6
1660243697.067001,110.3
1660243697.086984,101.6
1660243697.107059,113.2
1660243697.126975,120.6
1660243697.146994,113.5
1660243697.166979,114.6
1660243697.18688,115.3
1660243697.206846,114.8
1660243697.226853,114.6
1660243697.246853,114.3
1660243697.266876,115.0
1660243697.28685,114.7
1660243697.30685,115.9
1660243697.326755,113.5
1660243697.346745,114.7
1660243697.36676,115.2
1660243697.386758,114.6
1660243697.406771,115.4
1660243697.426755,114.0
1660243697.446762,114.1
1660243697.466761,116.7
1660243697.486754,112.3
1660243697.506758,116.3
1660243697.526756,114.4
1660243697.546759,114.1
1660243697.566652,114.7
1660243697.586654,113.0
1660243697.606655,114.7
1660243697.626672,114.2
1660243697.646657,114.5
1660243697.666658,115.1
1660243697.686657,113.0
1660243697.706664,117.1
1660243697.726663,117.1
1660243697.746588,116.4
1660243697.766585,117.6
1660243697.786666,114.8
1660243697.806672,109.4
1660243697.826582,105.5
1660243697.846684,106.2
1660243697.86667,106.4
1660243697.886588,119.0
1660243697.906604,138.5
1660243697.9266,128.5
1660243697.946505,134.8
1660243697.966505,148.7
1660243697.986508,150.6
1660243698.006504,154.7
1660243698.026491,140.8
1660243698.046509,141.4
1660243698.066506,136.8
1660243698.0864,151.7
1660243698.106487,146.4
1660243698.126468,127.7
1660243698.146419,138.4
1660243698.166413,139.1
1660243698.186417,131.9
1660243698.206417,129.5
1660243698.22642,134.1
1660243698.246424,144.9
1660243698.266417,156.5
1660243698.28642,155.0
1660243698.306394,148.3
1660243698.326395,149.4
1660243698.346373,154.0
1660243698.366293,149.3
1660243698.386396,152.7
1660243698.406272,153.3
1660243698.426355,149.9
1660243698.446252,150.1
1660243698.466255,154.8
1660243698.486281,147.1
1660243698.506302,150.6
1660243698.526216,151.5
1660243698.546256,147.9
1660243698.566217,148.1
1660243698.586207,151.3
1660243698.60622,153.3
1660243698.626206,151.3
1660243698.646208,149.9
1660243698.666116,149.4
1660243698.686103,149.4
1660243698.706135,152.2
1660243698.72715,155.0
1660243698.747153,156.4
1660243698.766111,156.0
1660243698.787031,154.7
1660243698.806037,155.7
1660243698.826006,154.3
1660243698.847026,156.2
1660243698.867049,152.4
1660243698.887014,155.1
1660243698.906938,153.8
1660243698.926935,147.7
1660243698.946918,155.6
1660243698.966944,155.6
1660243698.986909,155.8
1660243699.006938,150.3
1660243699.02692,153.8
1660243699.046841,153.4
1660243699.066831,150.1
1660243699.086843,144.5
1660243699.106822,146.7
1660243699.126822,144.8
1660243699.146819,146.9
1660243699.166848,144.1
1660243699.186816,137.1
1660243699.206819,141.3
1660243699.22673,140.8
1660243699.246724,141.9
1660243699.26672,138.7
1660243699.286723,141.0
1660243699.306746,140.2
1660243699.32674,140.1
1660243699.346749,142.1
1660243699.366724,141.2
1660243699.386723,138.3
1660243699.406725,136.7
1660243699.426722,138.3
1660243699.446737,142.3
1660243699.466566,129.9
1660243699.486563,130.2
1660243699.506561,131.9
1660243699.526549,131.5
1660243699.546552,130.6
1660243699.566548,131.3
1660243699.586466,131.3
1660243699.606548,131.3
1660243699.626462,130.9
1660243699.646478,131.6
1660243699.666467,130.0
1660243699.686462,131.1
1660243699.706448,130.1
1660243699.726451,129.6
1660243699.746466,130.0
1660243699.766454,129.1
1660243699.786477,130.3
1660243699.80638,129.8
1660243699.826346,131.5
1660243699.846383,132.8
1660243699.866386,136.7
1660243699.886368,133.6
1660243699.906363,133.5
1660243699.926279,136.6
1660243699.94626,132.1
1660243699.966319,130.4
1660243699.9863,133.7
1660243700.006266,130.2
1660243700.026182,131.3
1660243700.046162,130.8
1660243700.066158,133.0
1660243700.086167,129.5
1660243700.106096,132.6
1660243700.127161,129.9
1660243700.146109,130.7
1660243700.166104,131.3
1660243700.186121,133.3
1660243700.206102,131.3
1660243700.227074,136.5
1660243700.246965,135.1
1660243700.266966,135.1
1660243700.286967,134.7
1660243700.30697,135.2
1660243700.32699,131.3
1660243700.346917,134.3
1660243700.366896,132.0
1660243700.386876,136.9
1660243700.406864,132.0
1660243700.426896,136.2
1660243700.446791,134.0
1660243700.466768,132.2
1660243700.486788,134.4
1660243700.506758,134.0
1660243700.526792,134.0
1660243700.546702,134.8
1660243700.566757,129.0
1660243700.586769,129.9
1660243700.606695,131.7
1660243700.626779,134.1
1660243700.646699,129.9
1660243700.666767,132.1
1660243700.686701,131.5
1660243700.706725,130.9
1660243700.7266,132.2
1660243700.746663,132.5
1660243700.766591,131.2
1660243700.786597,130.4
1660243700.806551,130.6
1660243700.826574,130.5
1660243700.846547,133.6
1660243700.866511,130.1
1660243700.886538,132.8
1660243700.906541,130.1
1660243700.926416,130.9
1660243700.946491,130.9
1660243700.966507,129.9
1660243700.986428,132.9
1660243701.006488,133.6
1660243701.026472,133.2
1660243701.046418,135.2
1660243701.06636,132.7
1660243701.086365,134.8
1660243701.106506,123.5
1660243701.126464,121.0
1660243701.146461,122.7
1660243701.166403,122.1
1660243701.186402,121.8
1660243701.206324,121.1
1660243701.226312,124.3
1660243701.24631,121.4
1660243701.266318,123.3
1660243701.326237,121.8
1660243701.346214,123.1
1660243701.366203,122.1
1660243701.386202,124.2
1660243701.406241,122.7
1660243701.426217,122.0
1660243701.446204,122.3
1660243701.466234,122.2
1660243701.486204,123.1
1660243701.506206,122.5
1660243701.526219,121.0
1660243701.546203,123.9
1660243701.566214,121.6
1660243701.586119,122.4
1660243701.606104,122.9
1660243701.626126,122.7
1660243701.646118,124.5
1660243701.666127,123.4
1660243701.686121,123.5
1660243701.706122,123.5
1660243701.727015,123.7
1660243701.74702,123.8
1660243701.766018,123.7
1660243701.786021,123.3
1660243701.806022,123.8
1660243701.827021,123.2
1660243701.847027,124.1
1660243701.867034,124.2
1660243701.887028,124.2
1660243701.906069,124.3
1660243701.925923,123.9
1660243701.946936,121.1
1660243701.966918,124.8
1660243701.986935,123.8
1660243702.00692,123.9
1660243702.026926,123.0
1660243702.046926,122.7
1660243702.066843,123.5
1660243702.086852,123.5
1660243702.106845,123.3
1660243702.126849,124.5
1660243702.146844,123.0
1660243702.166849,112.2
1660243702.186849,114.8
1660243702.206848,116.7
1660243702.226846,118.9
1660243702.246805,114.0
1660243702.266745,115.8
1660243702.286746,114.4
1660243702.30675,114.4
1660243702.326809,116.9
1660243702.346831,112.8
1660243702.366844,117.9
1660243702.386815,112.4
1660243702.406749,118.1
1660243702.426714,115.7
1660243702.44666,118.6
1660243702.466689,114.6
1660243702.486709,118.3
1660243702.506696,113.5
1660243702.526669,119.0
1660243702.546665,117.9
1660243702.566569,114.2
1660243702.586615,106.3
1660243702.606619,103.0
1660243702.626567,107.2
1660243702.646561,106.4
1660243702.666517,106.3
1660243702.686528,103.9
1660243702.706523,110.4
1660243702.726413,123.5
1660243702.746462,119.2
1660243702.766466,117.7
1660243702.786436,116.8
1660243702.806438,118.5
1660243702.82644,116.6
1660243702.846439,116.7
1660243702.866327,114.7
1660243702.886344,118.8
1660243702.906344,117.9
1660243702.926325,118.2
1660243702.946324,118.7
1660243702.966262,118.0
1660243702.986265,117.6
1660243703.006264,114.1
1660243703.026264,116.7
1660243703.046252,114.6
1660243703.066264,117.0
1660243703.086193,114.9
1660243703.106271,116.2
1660243703.126192,116.4
1660243703.146294,115.4
1660243703.166152,114.8
1660243703.186153,116.0
1660243703.206163,116.2
1660243703.226198,115.8
1660243703.246153,114.3
1660243703.266163,117.3
1660243703.286111,117.9
1660243703.307137,113.9
1660243703.326056,117.0
1660243703.346073,114.9
1660243703.366075,115.3
1660243703.386059,117.3
1660243703.40596,113.5
1660243703.426964,115.6
1660243703.446969,115.3
1660243703.466057,115.7
1660243703.486965,114.4
1660243703.505968,117.7
1660243703.525859,114.3
1660243703.546894,114.5
1660243703.56686,116.2
1660243703.586907,115.0
1660243703.606894,114.8
1660243703.626891,116.1
1660243703.646861,115.2
1660243703.66685,114.8
1660243703.686782,116.5
1660243703.706768,114.5
1660243703.726767,114.1
1660243703.746762,116.3
1660243703.766765,115.3
1660243703.786704,115.3
1660243703.806749,115.6
1660243703.826696,115.5
1660243703.846709,114.1
1660243703.866701,115.0
1660243703.886629,114.7
1660243703.906625,115.2
1660243703.926632,115.9
1660243703.946671,115.5
1660243703.966596,115.2
1660243703.986638,114.3
1660243704.006626,117.9
1660243704.026629,117.0
1660243704.046594,118.0
1660243704.066522,116.6
1660243704.086526,116.6
1660243704.106527,117.6
1660243704.126497,118.3
1660243704.146492,117.3
1660243704.166522,105.1
1660243704.186538,104.0
1660243704.206498,107.6
1660243704.22654,110.4
1660243704.246435,121.1
1660243704.266525,118.2
1660243704.286521,117.2
1660243704.306524,113.2
1660243704.326539,118.2
1660243704.346416,116.2
1660243704.366424,118.8
1660243704.38642,117.6
1660243704.406442,116.5
1660243704.426454,118.3
1660243704.446403,114.4
1660243704.466384,116.1
1660243704.486347,114.1
1660243704.506325,116.0
1660243704.526323,114.4
1660243704.546325,114.7
1660243704.566289,116.6
1660243704.58628,114.2
1660243704.606326,115.8
1660243704.62628,115.7
1660243704.646336,114.7
1660243704.666167,115.3
1660243704.686256,114.9
1660243704.706287,114.0
1660243704.72622,115.2
1660243704.746208,115.7
1660243704.766274,115.5
1660243704.78627,114.6
1660243704.806254,116.6
1660243704.826226,113.6
1660243704.846219,114.8
1660243704.866145,116.0
1660243704.886149,114.7
1660243704.906152,114.7
1660243704.926182,115.6
1660243704.946166,115.0
1660243704.966118,114.8
1660243704.986123,114.7
1660243705.00615,114.6
1660243705.026121,116.8
1660243705.046084,116.3
1660243705.066046,114.6
1660243705.086032,114.4
1660243705.105948,116.5
1660243705.126023,114.7
1660243705.146926,114.0
1660243705.166964,116.4
1660243705.186938,114.8
1660243705.206958,114.9
1660243705.226952,115.7
1660243705.246941,114.6
1660243705.266954,114.3
1660243705.28693,115.4
1660243705.306946,114.8
1660243705.327022,114.1
1660243705.346992,115.9
1660243705.366998,114.1
1660243705.386822,116.5
1660243705.406844,114.3
1660243705.426777,116.5
1660243705.446852,114.4
1660243705.46678,116.3
1660243705.486865,114.3
1660243705.506828,114.4
1660243705.52678,115.6
1660243705.546874,114.9
1660243705.566764,114.6
1660243705.586701,116.1
1660243705.606772,114.8
1660243705.626827,113.9
1660243705.646736,118.9
1660243705.666731,113.1
1660243705.686758,117.1
1660243705.706757,115.9
1660243705.72667,113.8
1660243705.746686,115.4
1660243705.766733,114.2
1660243705.786752,116.1
1660243705.806681,114.5
1660243705.82669,115.8
1660243705.846587,114.9
1660243705.866573,114.2
1660243705.886609,115.1
1660243705.906579,114.6
1660243705.926594,114.8
1660243705.946649,114.8
1660243705.966485,114.9
1660243705.986557,114.7
1660243706.006556,116.0
1660243706.02653,114.1
1660243706.046491,114.9
1660243706.066491,116.1
1660243706.086495,114.8
1660243706.10647,114.1
1660243706.126462,115.7
1660243706.146395,114.3
1660243706.166407,114.4
1660243706.186406,115.2
1660243706.20641,115.2
1660243706.226463,114.9
1660243706.246352,116.6
1660243706.266239,115.3
1660243706.286238,118.3
1660243706.306243,116.4
1660243706.32634,116.9
1660243706.346289,113.9
1660243706.366242,116.5
1660243706.386168,118.4
1660243706.406186,117.0
1660243706.426184,116.8
1660243706.446087,116.2
1660243706.466144,117.9
1660243706.486119,116.2
1660243706.506012,104.7
1660243706.526014,103.6
1660243706.546176,107.1
1660243706.567118,104.5
1660243706.587008,107.0
1660243706.60691,105.9
1660243706.626979,106.3
1660243706.64691,105.7
1660243706.667029,106.0
1660243706.685933,106.6
1660243706.705905,105.7
1660243706.726975,106.9
1660243706.746881,105.7
1660243706.766819,107.1
1660243706.786897,106.4
1660243706.806913,106.7
1660243706.826876,106.6
1660243706.846856,106.7
1660243706.866737,106.8
1660243706.886825,107.0
1660243706.906724,106.4
1660243706.92672,106.4
1660243706.946742,106.5
1660243706.96677,105.7
1660243706.98677,106.4
1660243707.006804,106.3
1660243707.026633,106.7
1660243707.046687,106.3
1660243707.066683,106.3
1660243707.086674,105.5
1660243707.106693,106.6
1660243707.126667,105.8
1660243707.146612,105.9
1660243707.166499,106.3
1660243707.186619,105.2
1660243707.206511,106.0
1660243707.226424,107.0
1660243707.246447,106.5
1660243707.266503,106.1
1660243707.286468,106.5
1660243707.306334,107.2
1660243707.326402,106.8
1660243707.3464,106.5
1660243707.366388,106.7
1660243707.386368,106.3
1660243707.406372,106.4
1660243707.426407,106.5
1660243707.446352,105.8
1660243707.466323,104.4
1660243707.486382,106.1
1660243707.506286,105.9
1660243707.526308,105.5
1660243707.546357,105.2
1660243707.566217,105.3
1660243707.586264,106.6
1660243707.60623,105.9
1660243707.626279,106.8
1660243707.646232,105.7
1660243707.666252,106.6
1660243707.686308,106.4
1660243707.706206,105.9
1660243707.726245,106.5
1660243707.746182,106.2
1660243707.766225,106.7
1660243707.786159,106.3
1660243707.806134,106.0
1660243707.826158,106.5
1660243707.846156,105.8
1660243707.866162,106.3
1660243707.886134,106.2
1660243707.906128,106.5
1660243707.92702,105.7
1660243707.946045,104.4
1660243707.966038,107.1
1660243707.986076,105.4
1660243708.00704,106.4
1660243708.027016,106.7
1660243708.045952,106.4
1660243708.066015,107.3
1660243708.085959,106.7
1660243708.106012,106.6
1660243708.127041,107.0
1660243708.146891,106.9
1660243708.165906,106.3
1660243708.185958,105.9
1660243708.205914,106.9
1660243708.226904,106.6
1660243708.24686,106.7
1660243708.266896,106.2
1660243708.285871,106.0
1660243708.305857,106.8
1660243708.325874,106.3
1660243708.346771,106.2
1660243708.366767,106.7
1660243708.386768,105.2
1660243708.406775,107.2
1660243708.426691,106.6
1660243708.446674,105.2
1660243708.466661,106.6
1660243708.486668,105.4
1660243708.50666,106.7
1660243708.526713,104.9
1660243708.546716,106.7
1660243708.566609,105.6
1660243708.586592,106.6
1660243708.606586,105.5
1660243708.62665,106.4
1660243708.646691,105.4
1660243708.666473,106.9
1660243708.686532,106.3
1660243708.706486,105.9
1660243708.726487,107.3
1660243708.74641,106.3
1660243708.76641,106.2
1660243708.786391,103.7
1660243708.806386,107.6
1660243708.826354,106.3
1660243708.846362,106.3
1660243708.86638,105.6
1660243708.88629,106.4
1660243708.906294,106.0
1660243708.926294,106.1
1660243708.946292,105.2
1660243708.96627,106.6
1660243708.986266,105.5
1660243709.006294,105.9
1660243709.026359,105.6
1660243709.046201,106.8
1660243709.0663,106.1
1660243709.086202,106.5
1660243709.10617,106.2
1660243709.12623,106.8
1660243709.146236,105.6
1660243709.166169,106.1
1660243709.186176,105.8
1660243709.206066,105.4
1660243709.226069,107.0
1660243709.246072,105.1
1660243709.266092,106.7
1660243709.286069,106.0
1660243709.306152,105.8
1660243709.326076,105.7
1660243709.346082,105.4
1660243709.366072,106.3
1660243709.386081,105.2
1660243709.406074,105.6
1660243709.426075,107.0
1660243709.446074,104.9
1660243709.465971,107.4
1660243709.48602,106.4
1660243709.505971,105.8
1660243709.525976,106.9
1660243709.545974,105.2
1660243709.565982,106.9
1660243709.586021,106.2
1660243709.605937,105.1
1660243709.625911,107.4
1660243709.645915,106.5
1660243709.665902,106.3
1660243709.685941,106.0
1660243709.705908,106.0
1660243709.725959,106.8
1660243709.746002,106.2
1660243709.765912,106.3
1660243709.785871,105.8
1660243709.805866,106.4
1660243709.825916,106.8
1660243709.846006,104.5
1660243709.865873,107.4
1660243709.885877,106.3
1660243709.905916,105.5
1660243709.925856,106.7
1660243709.946819,104.9
1660243709.96582,106.5
1660243709.986818,105.1
1660243710.005756,106.5
1660243710.025774,106.0
1660243710.046733,106.3
1660243710.066724,106.1
1660243710.08673,105.8
1660243710.106724,105.9
1660243710.126752,106.7
1660243710.146626,106.4
1660243710.166623,105.9
1660243710.186631,105.4
1660243710.206627,106.0
1660243710.226626,106.7
1660243710.246623,104.6
1660243710.266627,107.3
1660243710.286534,106.0
1660243710.306631,105.9
1660243710.326633,106.6
1660243710.346628,105.4
1660243710.36663,105.4
1660243710.386524,106.9
1660243710.406528,104.3
1660243710.426542,106.7
1660243710.446533,105.1
1660243710.466531,106.7
1660243710.486529,106.2
1660243710.50645,105.3
1660243710.526448,107.0
1660243710.546422,105.5
1660243710.566423,105.1
1660243710.586458,107.1
1660243710.606484,105.2
1660243710.626422,107.0
1660243710.646454,104.9
1660243710.66646,106.0
1660243710.686358,106.7
1660243710.706326,105.3
1660243710.726325,106.8
1660243710.746328,106.1
1660243710.766327,106.7
1660243710.786313,106.5
1660243710.80632,106.3
1660243710.826334,106.9
1660243710.846229,107.8
1660243710.866218,106.9
1660243710.886218,107.1
1660243710.906216,106.7
1660243710.926244,106.7
1660243710.946126,105.2
1660243710.966126,106.3
1660243710.986134,106.4
1660243711.006142,105.9
1660243711.026142,106.4
1660243711.046131,104.6
1660243711.066118,106.9
1660243711.08605,106.5
1660243711.106044,105.5
1660243711.126047,106.1
1660243711.14605,106.7
1660243711.166032,105.0
1660243711.186056,107.3
1660243711.206028,106.0
1660243711.225985,104.9
1660243711.246062,106.6
1660243711.265935,104.4
1660243711.28595,107.2
1660243711.305931,106.3
1660243711.325971,106.4
1660243711.345933,104.6
1660243711.365858,107.5
1660243711.385862,106.3
1660243711.405873,105.2
1660243711.426884,106.5
1660243711.446878,105.5
1660243711.465862,105.1
1660243711.485775,107.2
1660243711.505762,106.2
1660243711.52578,106.3
1660243711.546804,105.3
1660243711.566778,105.9
1660243711.586693,106.7
1660243711.606695,106.2
1660243711.626703,105.6
1660243711.646684,104.0
1660243711.666666,107.3
1660243711.686604,106.2
1660243711.706664,106.5
1660243711.726572,106.8
1660243711.746579,106.3
1660243711.766594,106.3
1660243711.786602,105.9
1660243711.806596,105.7
1660243711.82667,106.2
1660243711.846597,104.8
1660243711.866566,106.8
1660243711.886637,105.6
1660243711.906615,106.2
1660243711.926602,106.6
1660243711.946583,105.2
1660243711.966584,107.0
1660243711.986588,104.9
1660243712.006482,106.3
1660243712.026506,106.4
1660243712.046488,107.6
1660243712.06649,107.0
1660243712.086486,106.3
1660243712.106479,106.2
1660243712.126482,106.8
1660243712.14639,106.7
1660243712.166406,106.9
1660243712.186383,106.9
1660243712.206404,106.4
1660243712.226399,106.5
1660243712.246383,106.3
1660243712.266384,106.2
1660243712.286383,106.3
1660243712.306283,106.7
1660243712.326286,106.3
1660243712.346308,106.4
1660243712.366305,106.3
1660243712.386315,106.3
1660243712.406212,103.7
1660243712.426212,107.0
1660243712.446165,106.1
1660243712.466189,105.6
1660243712.486191,106.3
1660243712.506217,106.1
1660243712.526187,106.0
1660243712.546191,106.3
1660243712.566192,105.6
1660243712.586174,106.7
1660243712.606174,104.9
1660243712.626168,105.8
1660243712.64607,106.4
1660243712.666073,104.8
1660243712.686072,106.8
1660243712.706082,104.9
1660243712.726032,106.7
1660243712.745977,106.6
1660243712.766004,106.2
1660243712.785978,107.1
1660243712.806007,106.8
1660243712.825991,106.7
1660243712.845976,105.9
1660243712.865896,105.5
1660243712.885897,105.2
1660243712.905876,107.0
1660243712.925884,106.2
1660243712.945798,106.3
1660243712.965792,106.3
1660243712.985785,106.3
1660243713.005782,103.6
1660243713.02683,107.3
1660243713.046754,106.1
1660243713.065821,106.1
1660243713.085724,107.0
1660243713.105739,105.9
1660243713.125717,106.2
1660243713.146763,106.6
1660243713.166763,106.0
1660243713.18674,106.4
1660243713.205744,104.6
1660243713.225739,107.6
1660243713.246763,106.2
1660243713.266717,105.8
1660243713.28673,106.3
1660243713.306647,104.7
1660243713.32572,106.6
1660243713.346655,106.7
1660243713.366662,107.4
1660243713.386659,107.1
1660243713.406659,106.4
1660243713.426656,105.8
1660243713.446656,106.3
1660243713.466648,113.2
1660243713.486657,113.1
1660243713.50665,118.9
1660243713.526637,117.8
1660243713.546541,115.4
1660243713.566545,118.4
1660243713.586539,118.1
1660243713.60654,117.8
1660243713.626543,117.4
1660243713.646539,116.7
1660243713.666536,116.8
1660243713.686532,117.4
1660243713.706543,116.1
1660243713.726538,116.9
1660243713.74643,116.8
1660243713.766438,118.0
1660243713.786442,117.9
1660243713.806436,117.6
1660243713.826357,117.4
1660243713.846355,118.1
1660243713.866361,118.8
1660243713.88636,112.7
1660243713.906361,104.1
1660243713.926331,104.9
1660243713.946258,107.2
1660243713.966337,106.6
1660243713.986342,106.6
1660243714.006267,107.0
1660243714.026265,115.0
1660243714.04626,120.9
1660243714.066267,115.7
1660243714.086276,113.7
1660243714.106269,116.9
1660243714.126271,114.6
1660243714.146167,116.8
1660243714.166248,114.0
1660243714.186168,115.0
1660243714.206219,115.7
1660243714.226169,114.5
1660243714.246251,117.1
1660243714.26625,118.2
1660243714.286256,117.9
1660243714.30625,117.6
1660243714.326078,117.1
1660243714.346077,116.8
1660243714.366135,116.4
1660243714.386121,118.7
1660243714.406037,116.4
1660243714.426048,114.1
1660243714.44604,105.3
1660243714.466043,105.0
1660243714.486044,107.3
1660243714.506043,107.1
1660243714.525977,107.0
1660243714.545966,108.0
1660243714.565966,106.6
1660243714.585997,107.1
1660243714.605976,106.9
1660243714.625872,106.4
1660243714.645869,106.4
1660243714.66587,106.5
1660243714.68587,106.6
1660243714.705798,106.8
1660243714.725796,110.6
1660243714.74578,105.4
1660243714.765774,106.3
1660243714.785774,106.7
1660243714.805699,106.9
1660243714.825769,106.9
1660243714.846724,106.9
1660243714.86673,107.6
1660243714.886704,106.7
1660243714.906714,106.8
1660243714.926604,106.5
1660243714.946683,106.7
1660243714.96658,106.4
1660243714.986578,107.8
1660243715.006578,107.0
1660243715.026585,107.1
1660243715.046484,106.6
1660243715.06648,106.7
1660243715.086472,106.7
1660243715.106482,107.2
1660243715.126493,106.3
1660243715.146386,107.1
1660243715.166498,109.1
1660243715.1864,108.0
1660243715.206389,106.3
1660243715.226383,106.3
1660243715.246401,106.6
1660243715.26638,106.4
1660243715.286379,114.5
1660243715.306387,122.4
1660243715.326388,116.0
1660243715.346283,117.7
1660243715.36628,118.7
1660243715.386313,118.0
1660243715.406293,116.8
1660243715.426296,115.8
1660243715.4463,117.8
1660243715.466213,117.7
1660243715.486275,113.5
1660243715.506296,105.7
1660243715.526218,105.2
1660243715.546216,107.8
1660243715.566219,108.3
1660243715.586218,106.5
1660243715.60612,107.9
1660243715.626114,106.7
1660243715.646131,107.6
1660243715.666138,106.4
1660243715.686121,106.3
1660243715.706132,106.2
1660243715.726133,106.4
1660243715.746055,106.1
1660243715.766027,106.6
1660243715.786028,107.1
1660243715.806028,110.3
1660243715.826036,105.8
1660243715.846044,106.3
1660243715.866039,106.3
1660243715.886038,106.6
1660243715.905933,106.8
1660243715.925936,106.2
1660243715.945932,106.8
1660243715.965913,106.7
1660243715.985978,106.5
1660243716.005893,107.1
1660243716.025914,106.2
1660243716.045893,106.6
1660243716.065783,106.2
1660243716.085792,106.4
1660243716.105821,107.0
1660243716.125815,107.3
1660243716.145775,106.9
1660243716.165832,106.6
1660243716.185821,106.3
1660243716.205732,106.2
1660243716.226754,106.5
1660243716.245728,106.5
1660243716.265739,106.4
1660243716.285728,106.2
1660243716.30573,107.1
1660243716.326629,106.9
1660243716.346647,107.4
1660243716.366651,107.9
1660243716.386632,106.6
1660243716.40663,107.6
1660243716.426527,107.7
1660243716.446528,108.1
1660243716.46653,106.2
1660243716.48653,108.6
1660243716.50653,107.3
1660243716.526585,107.7
1660243716.546535,106.8
1660243716.566536,107.3
1660243716.586532,106.7
1660243716.606555,108.8
1660243716.626527,106.3
1660243716.646478,107.2
1660243716.666422,107.2
1660243716.686432,109.8
1660243716.706447,108.1
1660243716.726428,105.9
1660243716.746488,106.4
1660243716.766428,106.4
1660243716.78643,106.9
1660243716.806327,109.6
1660243716.826328,106.2
1660243716.846328,106.0
1660243716.866356,105.7
1660243716.886358,106.7
1660243716.906334,107.7
1660243716.926334,106.8
1660243716.94633,105.7
1660243716.966366,105.8
1660243716.986358,106.4
1660243717.006332,107.8
1660243717.026335,106.5
1660243717.046179,106.2
1660243717.06626,106.0
1660243717.086156,106.2
1660243717.106159,106.0
1660243717.126156,105.1
1660243717.146168,106.3
1660243717.166161,104.7
1660243717.186168,106.8
1660243717.206064,106.5
1660243717.226073,106.3
1660243717.246096,106.1
1660243717.266092,105.6
1660243717.286074,106.1
1660243717.306076,105.1
1660243717.325991,105.4
1660243717.345996,106.4
1660243717.365981,105.5
1660243717.38598,105.7
1660243717.405993,105.9
1660243717.425977,105.7
1660243717.445907,106.4
1660243717.465872,106.2
1660243717.485892,105.4
1660243717.505892,106.0
1660243717.525934,105.8
1660243717.54588,105.7
1660243717.565873,104.5
1660243717.585878,106.3
1660243717.605879,105.4
1660243717.62587,106.1
1660243717.645764,106.2
1660243717.665796,105.0
1660243717.685779,106.6
1660243717.705776,105.0
1660243717.72578,107.4
1660243717.745761,106.4
1660243717.765767,106.3
1660243717.785814,106.1
1660243717.805664,106.1
1660243717.826678,106.3
1660243717.845692,106.4
1660243717.86566,106.6
1660243717.88569,106.6
1660243717.905692,107.4
1660243717.9266,105.9
1660243717.946613,106.6
1660243717.966587,105.9
1660243717.986587,105.8
1660243718.006609,106.3
1660243718.026611,106.0
1660243718.046613,106.9
1660243718.06651,106.5
1660243718.086508,106.5
1660243718.106511,106.3
1660243718.126494,106.3
1660243718.146494,106.5
1660243718.166489,106.5
1660243718.186489,106.1
1660243718.206383,105.8
1660243718.226388,110.2
1660243718.246388,109.3
1660243718.266386,105.9
1660243718.286389,106.3
1660243718.306384,107.2
1660243718.32639,109.1
1660243718.346382,105.2
1660243718.366383,106.0
1660243718.386376,106.0
1660243718.40638,103.9
1660243718.426382,106.9
1660243718.446216,106.3
1660243718.466218,106.1
1660243718.486214,106.0
1660243718.506184,106.0
1660243718.526175,104.4
1660243718.546265,106.5
1660243718.566178,104.7
1660243718.586174,106.1
1660243718.606141,105.5
1660243718.626106,106.3
1660243718.646108,106.2
1660243718.666105,106.4
1660243718.686138,106.1
1660243718.706118,105.6
1660243718.726134,105.1
1660243718.746114,106.6
1660243718.766113,105.2
1660243718.786112,105.4
1660243718.80617,107.1
1660243718.826139,107.4
1660243718.846014,106.8
1660243718.86603,106.3
1660243718.886038,106.1
1660243718.906034,106.1
1660243718.926014,105.2
1660243718.946012,105.7
1660243718.966022,106.2
1660243718.985981,105.4
1660243719.005921,106.7
1660243719.025947,104.5
1660243719.045923,107.0
1660243719.065833,106.2
1660243719.085826,106.2
1660243719.105834,106.3
1660243719.125832,105.3
1660243719.145837,106.3
1660243719.165829,106.0
1660243719.185827,105.6
1660243719.205724,106.3
1660243719.225728,106.3
1660243719.24573,106.6
1660243719.265726,106.8
1660243719.285724,106.4
1660243719.305729,106.8
1660243719.325733,106.6
1660243719.34573,106.4
1660243719.365714,106.3
1660243719.385682,106.3
1660243719.405634,105.8
1660243719.426626,106.2
1660243719.44663,106.2
1660243719.46663,105.2
1660243719.48558,106.4
1660243719.505628,105.7
1660243719.525634,105.5
1660243719.546541,106.2
1660243719.566555,104.2
1660243719.586531,106.3
1660243719.606554,106.0
1660243719.626534,105.3
1660243719.646453,106.6
1660243719.666427,106.1
1660243719.686408,106.0
1660243719.706406,104.7
1660243719.726434,107.0
1660243719.746434,106.2
1660243719.766417,105.4
1660243719.78646,104.6
1660243719.806417,106.7
1660243719.826437,105.8
1660243719.846442,106.3
1660243719.866274,105.6
1660243719.886265,105.9
1660243719.906268,106.3
1660243719.926281,106.1
1660243719.946273,105.3
1660243719.966277,106.0
1660243719.986268,104.4
1660243720.006316,106.6
1660243720.026283,106.1
1660243720.046178,105.0
1660243720.066174,106.7
1660243720.086196,106.3
1660243720.106252,106.5
1660243720.126188,106.4
1660243720.146186,106.5
1660243720.166085,106.3
1660243720.186086,104.4
1660243720.206086,106.7
1660243720.226086,104.4
1660243720.246093,106.6
1660243720.26609,105.7
1660243720.286092,105.7
1660243720.306087,106.4
1660243720.326016,106.1
1660243720.345982,106.1
1660243720.365991,105.9
1660243720.386011,104.9
1660243720.406018,106.2
1660243720.42599,104.9
1660243720.445979,106.1
1660243720.466012,106.1
1660243720.48591,105.8
1660243720.505886,106.3
1660243720.525886,106.2
1660243720.545884,106.3
1660243720.565926,105.9
1660243720.585888,105.5
1660243720.60581,106.5
1660243720.625811,106.0
1660243720.645809,106.5
1660243720.665811,105.4
1660243720.685784,106.5
1660243720.705789,106.4
1660243720.725808,107.0
1660243720.745791,106.7
1660243720.765775,106.3
1660243720.78579,106.0
1660243720.80569,106.2
1660243720.825691,106.0
1660243720.845686,105.7
1660243720.865689,105.2
1660243720.885691,106.9
1660243720.905687,106.5
1660243720.925697,106.2
1660243720.945696,106.4
1660243720.965582,106.2
1660243720.985593,103.8
1660243721.005587,107.0
1660243721.026597,105.6
1660243721.046591,106.1
1660243721.06559,104.7
1660243721.085589,106.9
1660243721.105592,106.3
1660243721.125491,106.0
1660243721.146475,106.5
1660243721.166474,106.3
1660243721.186486,105.6
1660243721.20648,106.0
1660243721.226536,104.7
1660243721.246486,105.7
1660243721.266474,106.1
1660243721.286483,105.6
1660243721.30651,106.3
1660243721.326488,105.5
1660243721.346478,106.4
1660243721.366524,105.9
1660243721.386618,105.3
1660243721.406625,105.7
1660243721.426585,105.2
1660243721.44649,105.9
1660243721.466428,105.0
1660243721.486458,105.5
1660243721.506363,106.8
1660243721.526317,104.3
1660243721.546353,106.6
1660243721.56634,106.2
1660243721.586238,103.5
1660243721.606243,106.8
1660243721.62623,104.0
1660243721.646235,106.2
1660243721.666292,104.9
1660243721.686335,106.3
1660243721.706372,106.0
1660243721.726225,104.9
1660243721.746144,106.6
1660243721.766286,106.6
1660243721.78613,106.4
1660243721.806134,106.5
1660243721.826201,105.9
1660243721.846128,106.3
1660243721.86619,106.3
1660243721.886181,106.0
1660243721.906136,106.5
1660243721.926133,106.5
1660243721.946129,106.3
1660243721.966162,106.4
1660243721.986175,105.5
1660243722.006122,106.4
1660243722.026158,106.6
1660243722.04603,105.9
1660243722.066052,106.0
1660243722.086115,105.7
1660243722.106038,106.3
1660243722.126083,106.3
1660243722.146109,105.3
1660243722.206005,106.3
1660243722.225956,105.5
1660243722.245983,104.2
1660243722.265932,107.0
1660243722.28599,106.0
1660243722.305971,106.4
1660243722.325932,106.4
1660243722.345864,105.0
1660243722.365841,106.3
1660243722.385902,105.9
1660243722.405851,104.3
1660243722.425894,106.6
1660243722.445841,105.2
1660243722.465838,105.3
1660243722.485744,106.1
1660243722.505744,106.5
1660243722.525778,106.0
1660243722.545766,106.3
1660243722.565748,105.4
1660243722.585766,106.8
1660243722.605747,106.3
1660243722.625793,106.3
1660243722.645766,105.3
1660243722.665756,106.0
1660243722.685644,105.3
1660243722.705681,106.0
1660243722.725658,106.2
1660243722.745681,105.8
1660243722.806562,107.1
1660243722.826571,104.8
1660243722.84657,105.8
1660243722.866572,105.5
1660243722.886553,105.5
1660243722.906556,107.0
1660243722.926561,106.0
1660243722.946576,105.9
1660243722.966555,106.0
1660243722.986577,106.6
1660243723.006432,106.3
1660243723.02644,106.3
1660243723.046404,106.0
1660243723.066395,106.2
1660243723.086401,106.4
1660243723.106387,106.5
1660243723.12631,106.1
1660243723.146288,105.9
1660243723.166312,106.5
1660243723.186315,106.4
1660243723.206311,108.0
1660243723.226362,106.4
1660243723.246282,106.4
1660243723.266241,105.9
1660243723.286228,106.1
1660243723.306218,106.4
1660243723.326228,106.9
1660243723.346215,107.3
1660243723.366198,106.4
1660243723.386203,105.0
1660243723.406202,105.7
1660243723.426203,105.3
1660243723.446199,106.3
1660243723.466092,105.8
1660243723.486088,105.5
1660243723.506108,106.3
1660243723.526088,104.8
1660243723.546092,106.4
1660243723.566093,106.3
1660243723.586096,105.1
1660243723.606094,105.5
1660243723.625996,106.3
1660243723.645992,106.1
1660243723.666102,105.0
1660243723.685998,105.7
1660243723.705999,105.5
1660243723.725998,106.8
1660243723.746,106.2
1660243723.766003,105.3
1660243723.786009,105.8
1660243723.806008,106.4
1660243723.826016,106.1
1660243723.846009,103.6
1660243723.866011,106.7
1660243723.885936,106.1
1660243723.905938,106.0
1660243723.92594,104.4
1660243723.945942,106.8
1660243723.96594,106.2
1660243723.985926,105.9
1660243724.005951,105.8
1660243724.025917,105.5
1660243724.045962,106.0
1660243724.065918,104.6
1660243724.085842,106.6
1660243724.105817,106.3
1660243724.125852,106.4
1660243724.145859,104.6
1660243724.165844,107.1
1660243724.185794,105.2
1660243724.205806,106.4
1660243724.225809,105.6
1660243724.245803,106.0
1660243724.265808,105.7
1660243724.285818,107.8
1660243724.305824,107.6
1660243724.325818,105.6
1660243724.345824,105.7
1660243724.365695,104.1
1660243724.385702,107.1
1660243724.405696,106.4
1660243724.425699,105.5
1660243724.445712,106.9
1660243724.465727,104.5
1660243724.485606,106.3
1660243724.505713,105.3
1660243724.525611,105.9
1660243724.546615,105.9
1660243724.566612,106.3
1660243724.586618,106.2
1660243724.606614,106.1
1660243724.625636,105.8
1660243724.646611,106.1
1660243724.666632,105.9
1660243724.686595,104.8
1660243724.706624,106.0
1660243724.725554,105.6
1660243724.745536,105.5
1660243724.766625,106.5
1660243724.786621,105.1
1660243724.806479,106.8
1660243724.825443,105.5
1660243724.845473,105.6
1660243724.866486,105.8
1660243724.886482,104.6
1660243724.906411,106.9
1660243724.92635,105.3
1660243724.946341,105.8
1660243724.966336,106.6
1660243724.986353,106.1
1660243725.00635,106.5
1660243725.026352,106.6
1660243725.046272,106.3
1660243725.066248,106.6
1660243725.086246,105.4
1660243725.10626,106.4
1660243725.12626,106.4
1660243725.146264,105.8
1660243725.16625,106.4
1660243725.186257,106.3
1660243725.206264,106.0
1660243725.226255,106.0
1660243725.246158,106.2
1660243725.266164,106.4
1660243725.286163,105.2
1660243725.306184,107.0
1660243725.326157,105.9
1660243725.34606,105.7
1660243725.366059,106.8
1660243725.386044,106.1
1660243725.406047,105.7
1660243725.426059,106.5
1660243725.446057,106.0
1660243725.466055,105.6
1660243725.486055,106.4
1660243725.506052,105.7
1660243725.52593,106.3
1660243725.54595,105.6
1660243725.565951,106.6
1660243725.585981,105.3
1660243725.605931,106.2
1660243725.625879,105.9
1660243725.645849,106.2
1660243725.665851,107.0
1660243725.685854,105.5
1660243725.705862,106.1
1660243725.725856,105.9
1660243725.745855,107.0
1660243725.765771,106.2
1660243725.785778,106.1
1660243725.805742,106.8
1660243725.825771,105.9
1660243725.84578,106.3
1660243725.865768,106.7
1660243725.885785,106.4
1660243725.905761,106.7
1660243725.925753,105.6
1660243725.945674,106.6
1660243725.965641,106.4
1660243725.985666,106.3
1660243726.005647,106.8
1660243726.025665,105.1
1660243726.04565,106.9
1660243726.065649,106.3
1660243726.08565,106.7
1660243726.105548,104.9
1660243726.125612,106.9
1660243726.146518,106.5
1660243726.166496,105.8
1660243726.186492,106.6
1660243726.205447,105.9
1660243726.225423,106.3
1660243726.24549,106.3
1660243726.266405,106.5
1660243726.286444,105.3
1660243726.306422,107.0
1660243726.326434,105.6
1660243726.345418,105.3
1660243726.366443,106.2
1660243726.386418,105.8
1660243726.406423,105.6
1660243726.426419,107.3
1660243726.446427,106.1
1660243726.466313,105.5
1660243726.486329,105.1
1660243726.506307,106.1
1660243726.526341,105.2
1660243726.546228,105.8
1660243726.566228,105.3
1660243726.586235,105.2
1660243726.60623,106.2
1660243726.62621,105.0
1660243726.64619,105.6
1660243726.666205,106.3
1660243726.686231,104.8
1660243726.706229,105.9
1660243726.726214,107.2
1660243726.746212,106.2
1660243726.766126,106.3
1660243726.78613,104.4
1660243726.806107,107.2
1660243726.826104,104.8
1660243726.846106,106.9
1660243726.866127,105.5
1660243726.886111,105.3
1660243726.905997,105.6
1660243726.92602,105.9
1660243726.946022,105.6
1660243726.966008,106.4
1660243726.986006,104.4
1660243727.006017,107.0
1660243727.026014,106.0
1660243727.04601,104.5
1660243727.065905,106.7
1660243727.085941,105.4
1660243727.105938,105.7
1660243727.125908,105.7
1660243727.145917,105.3
1660243727.165829,105.2
1660243727.185807,106.6
1660243727.20583,105.7
1660243727.225811,105.8
1660243727.245839,105.6
1660243727.265843,106.2
1660243727.285809,105.2
1660243727.305813,105.9
1660243727.325734,106.6
1660243727.345735,106.5
1660243727.365803,106.4
1660243727.385813,106.3
1660243727.405816,106.1
1660243727.425818,106.1
1660243727.445711,105.1
1660243727.465742,107.0
1660243727.485713,106.1
1660243727.505712,105.1
1660243727.525712,106.8
1660243727.545717,104.7
1660243727.565718,106.8
1660243727.585715,105.5
1660243727.605712,106.6
1660243727.62572,106.0
1660243727.645718,105.6
1660243727.665703,106.6
1660243727.685588,105.2
1660243727.70559,105.9
1660243727.72557,104.4
1660243727.74557,105.9
1660243727.765616,106.0
1660243727.785614,105.2
1660243727.805592,107.6
1660243727.825513,106.3
1660243727.845574,104.9
1660243727.865542,106.6
1660243727.885542,106.2
1660243727.90544,106.3
1660243727.925448,105.5
1660243727.945467,104.8
1660243727.966483,106.5
1660243727.986482,104.9
1660243728.005442,106.4
1660243728.025429,106.3
1660243728.045437,105.1
1660243728.06642,106.7
1660243728.086368,106.5
1660243728.106369,106.3
1660243728.126389,106.1
1660243728.146373,105.4
1660243728.166351,106.4
1660243728.186267,106.3
1660243728.20624,105.8
1660243728.22627,106.3
1660243728.246304,105.1
1660243728.266268,106.1
1660243728.286244,105.2
1660243728.306248,105.7
1660243728.326248,105.5
1660243728.346289,105.1
1660243728.36625,106.1
1660243728.386287,105.2
1660243728.406185,105.9
1660243728.426177,106.3
1660243728.446151,105.4
1660243728.466151,106.3
1660243728.486175,105.1
1660243728.506188,106.4
1660243728.526153,106.5
1660243728.546189,105.3
1660243728.566155,106.4
1660243728.586079,105.1
1660243728.606147,104.9
1660243728.626088,106.9
1660243728.646056,106.4
1660243728.66613,106.3
1660243728.686065,105.5
1660243728.706147,106.6
1660243728.725964,106.3
1660243728.745987,106.3
1660243728.765987,105.9
1660243728.78598,106.3
1660243728.80596,106.5
1660243728.82596,106.4
1660243728.845959,106.3
1660243728.865964,106.2
1660243728.885878,106.3
1660243728.905885,106.4
1660243728.925951,106.3
1660243728.946,105.5
1660243728.965815,106.7
1660243728.98587,106.3
1660243729.005847,106.0
1660243729.025757,105.6
1660243729.045812,106.3
1660243729.065832,105.6
1660243729.085806,106.0
1660243729.105822,106.5
1660243729.125776,105.9
1660243729.145758,104.8
1660243729.165763,106.6
1660243729.185769,104.7
1660243729.205695,106.3
1660243729.22564,106.0
1660243729.245657,104.7
1660243729.265608,106.4
1660243729.285634,106.2
1660243729.305595,104.8
1660243729.32566,106.3
1660243729.34566,104.5
1660243729.365625,106.0
1660243729.385666,104.9
1660243729.405588,105.4
1660243729.425543,107.0
1660243729.485483,105.7
1660243729.505515,105.2
1660243729.525487,106.4
1660243729.545469,105.2
1660243729.566434,107.6
1660243729.585515,106.5
1660243729.605405,105.2
1660243729.625415,104.5
1660243729.645452,105.8
1660243729.66642,105.9
1660243729.686323,105.7
1660243729.706445,105.9
1660243729.726327,106.9
1660243729.746235,105.9
1660243729.766236,105.3
1660243729.786213,105.4
1660243729.80621,105.8
1660243729.826235,104.6
1660243729.846359,106.2
1660243729.866126,106.3
1660243729.886108,105.6
1660243729.906122,105.9
1660243729.926108,106.7
1660243729.946104,104.1
1660243729.966112,106.8
1660243729.986118,104.8
1660243730.006106,106.4
1660243730.026121,106.5
1660243730.04613,105.2
1660243730.066173,106.8
1660243730.086025,106.3
1660243730.106101,105.9
1660243730.126049,106.7
1660243730.146052,108.5
1660243730.16602,105.9
1660243730.186107,106.2
1660243730.206023,104.6
1660243730.226077,106.8
1660243730.245978,108.1
1660243730.265919,105.5
1660243730.285945,106.7
1660243730.305916,106.2
1660243730.325974,106.3
1660243730.345952,105.0
1660243730.366012,106.2
1660243730.385943,105.7
1660243730.40591,104.9
1660243730.425918,106.3
1660243730.445924,104.7
1660243730.465988,106.7
1660243730.485841,105.2
1660243730.50587,107.0
1660243730.52591,105.7
1660243730.545825,105.2
1660243730.565855,106.0
1660243730.585873,105.6
1660243730.605804,106.4
1660243730.625928,105.1
1660243730.645856,105.5
1660243730.66588,106.6
1660243730.685933,104.8
1660243730.705758,106.5
1660243730.725868,104.9
1660243730.745736,106.9
1660243730.765825,105.1
1660243730.785727,105.4
1660243730.805883,106.3
1660243730.825661,105.4
1660243730.845672,105.0
1660243730.865677,106.9
1660243730.88566,106.8
1660243730.905666,106.3
1660243730.925659,106.1
1660243730.945682,104.8
1660243730.965724,105.5
1660243730.985621,105.2
1660243731.005548,105.5
1660243731.025554,105.7
1660243731.045558,104.9
1660243731.065553,106.4
1660243731.085545,106.6
1660243731.105557,106.4
1660243731.125554,106.5
1660243731.145454,106.6
1660243731.165472,106.1
1660243731.185453,106.1
1660243731.205479,104.7
1660243731.225522,106.2
1660243731.245511,104.8
1660243731.266477,106.4
1660243731.285364,106.2
1660243731.305362,106.4
1660243731.325356,106.5
1660243731.345407,107.7
1660243731.365376,106.6
1660243731.386375,106.2
1660243731.406508,105.8
1660243731.426376,105.5
1660243731.445441,105.3
1660243731.465368,107.1
1660243731.48627,105.6
1660243731.506321,106.2
1660243731.526353,106.3
1660243731.546369,106.1
1660243731.56626,105.0
1660243731.58629,106.3
1660243731.60626,104.4
1660243731.626181,106.8
1660243731.646178,105.9
1660243731.666185,105.6
1660243731.686188,105.0
1660243731.70619,106.3
1660243731.726251,106.0
1660243731.746196,105.9
1660243731.766192,106.5
1660243731.786081,104.6
1660243731.806164,106.3
1660243731.826141,105.4
1660243731.846067,105.7
1660243731.866063,105.0
1660243731.88607,106.7
1660243731.905997,105.3
1660243731.926083,106.3
1660243731.945965,105.0
1660243731.965967,106.3
1660243731.98597,104.6
1660243732.005968,104.9
1660243732.026019,106.8
1660243732.045902,105.9
1660243732.065905,104.6
1660243732.085854,106.6
1660243732.105876,105.0
1660243732.125819,107.1
1660243732.145868,106.4
1660243732.16587,105.0
1660243732.185882,106.9
1660243732.205709,105.9
1660243732.225705,105.8
1660243732.245702,105.0
1660243732.265719,105.4
1660243732.285698,105.6
1660243732.305601,105.7
1660243732.32568,106.7
1660243732.34562,105.6
1660243732.365595,105.6
1660243732.385596,105.5
1660243732.405604,105.4
1660243732.425599,105.3
1660243732.445617,105.1
1660243732.465596,106.4
1660243732.485599,104.8
1660243732.505567,106.3
1660243732.525494,105.9
1660243732.545539,104.8
1660243732.565502,106.5
1660243732.585505,105.1
1660243732.605496,106.0
1660243732.625393,105.6
1660243732.646382,106.4
1660243732.665381,106.4
1660243732.685382,107.9
1660243732.705382,105.2
1660243732.725312,107.2
1660243732.74632,107.0
1660243732.766327,106.3
1660243732.786329,106.4
1660243732.806302,106.3
1660243732.826224,106.3
1660243732.8452,106.3
1660243732.866227,106.2
1660243732.886205,104.5
1660243732.906202,107.1
1660243732.92626,105.5
1660243732.946214,106.4
1660243732.966127,105.4
1660243732.986106,106.6
1660243733.006113,104.9
1660243733.026116,106.3
1660243733.04612,105.2
1660243733.066116,105.7
1660243733.086119,106.2
1660243733.106116,105.1
1660243733.126106,106.5
1660243733.146113,105.8
1660243733.166112,105.9
1660243733.186008,106.3
1660243733.206012,105.2
1660243733.226006,106.4
1660243733.246017,105.6
1660243733.266016,105.4
1660243733.286016,105.6
1660243733.305914,105.8
1660243733.325948,106.1
1660243733.345911,105.7
1660243733.365909,104.9
1660243733.385834,107.0
1660243733.405919,106.3
1660243733.425776,104.2
1660243733.445767,106.0
1660243733.465771,105.3
1660243733.485774,105.5
1660243733.505774,105.0
1660243733.525772,106.8
1660243733.545777,104.5
1660243733.565732,106.6
1660243733.585744,104.8
1660243733.605657,106.8
1660243733.625659,106.0
1660243733.645688,105.6
1660243733.665648,106.4
1660243733.685648,105.1
1660243733.705645,105.9
1660243733.725642,106.5
1660243733.745606,106.1
1660243733.765551,106.3
1660243733.785573,105.3
1660243733.805559,106.8
1660243733.825557,105.5
1660243733.84556,105.4
1660243733.865579,105.8
1660243733.885462,106.2
1660243733.905456,105.6
1660243733.925491,106.3
1660243733.945457,108.7
1660243733.965375,106.4
1660243733.985355,105.8
1660243734.005387,106.7
1660243734.025371,105.9
1660243734.046356,105.5
1660243734.066362,106.6
1660243734.085281,104.7
1660243734.105259,107.3
1660243734.125259,106.3
1660243734.146254,106.8
1660243734.166258,106.3
1660243734.186265,104.4
1660243734.206242,106.7
1660243734.226149,104.6
1660243734.246155,106.6
1660243734.266154,104.2
1660243734.286268,106.9
1660243734.306132,106.5
1660243734.326104,105.2
1660243734.346073,105.8
1660243734.366048,105.1
1660243734.386036,106.4
1660243734.40609,105.2
1660243734.426064,105.2
1660243734.446086,106.0
1660243734.466041,105.3
1660243734.486102,105.2
1660243734.506064,106.2
1660243734.526095,105.8
1660243734.546059,105.9
1660243734.566057,105.6
1660243734.58601,105.6
1660243734.605953,106.0
1660243734.625966,105.9
1660243734.645949,104.3
1660243734.665967,107.1
1660243734.685964,104.5
1660243734.705986,106.0
1660243734.725962,105.4
1660243734.745965,106.0
1660243734.765964,106.3
1660243734.785963,105.9
1660243734.805943,106.0
1660243734.825802,105.1
1660243734.845801,104.8
1660243734.865796,107.2
1660243734.885796,105.0
1660243734.905797,105.0
1660243734.925796,106.2
1660243734.9458,105.8
1660243734.965801,106.4
1660243734.985695,105.4
1660243735.005698,106.1
1660243735.025726,105.3
1660243735.045696,106.3
1660243735.065726,104.2
1660243735.085691,106.5
1660243735.105631,106.3
1660243735.12569,105.8
1660243735.145639,104.5
1660243735.165623,107.4
1660243735.185618,106.6
1660243735.205602,106.2
1660243735.225603,106.1
1660243735.245655,106.4
1660243735.265598,105.7
1660243735.285625,106.3
1660243735.305624,105.6
1660243735.325625,106.5
1660243735.345612,106.9
1660243735.365509,107.2
1660243735.385499,106.6
1660243735.405501,106.3
1660243735.425409,105.6
1660243735.445407,106.7
1660243735.465418,106.4
1660243735.485435,105.0
1660243735.505406,106.6
1660243735.525438,104.9
1660243735.545407,106.5
1660243735.565406,106.0
1660243735.585406,105.7
1660243735.60541,105.0
1660243735.625317,106.3
1660243735.64531,106.1
1660243735.665317,105.0
1660243735.685297,107.0
1660243735.705303,104.8
1660243735.725308,106.8
1660243735.746313,106.3
1660243735.766196,106.1
1660243735.786194,106.6
1660243735.806215,106.0
1660243735.825133,105.2
1660243735.846194,106.9
1660243735.866113,105.3
1660243735.886205,106.6
1660243735.906136,105.4
1660243735.926202,105.7
1660243735.946113,106.1
1660243735.966112,106.3
1660243735.986101,106.4
1660243736.006137,106.6
1660243736.026117,105.4
1660243736.04614,106.4
1660243736.066117,104.4
1660243736.086119,106.7
1660243736.10601,104.9
1660243736.126031,108.2
1660243736.14602,106.2
1660243736.166042,105.2
1660243736.186022,106.7
1660243736.206019,104.7
1660243736.226018,106.7
1660243736.246022,104.7
1660243736.266016,106.0
1660243736.286021,104.7
1660243736.306026,105.9
1660243736.326002,105.2
1660243736.346002,105.2
1660243736.365854,106.2
1660243736.38586,105.5
1660243736.405856,106.3
1660243736.425862,104.3
1660243736.445853,107.1
1660243736.465862,104.8
1660243736.485783,105.7
1660243736.505779,105.1
1660243736.525763,106.3
1660243736.545756,106.5
1660243736.565784,105.3
1660243736.585758,106.9
1660243736.605762,106.4
1660243736.625768,105.4
1660243736.64576,107.1
1660243736.665687,106.2
1660243736.685663,106.1
1660243736.705658,106.6
1660243736.725666,105.6
1660243736.74566,106.1
1660243736.765585,105.9
1660243736.785561,107.0
1660243736.805594,106.4
1660243736.825562,105.0
1660243736.845562,106.6
1660243736.865568,105.1
1660243736.885569,106.5
1660243736.905565,104.7
1660243736.925591,106.3
1660243736.945587,105.1
1660243736.965568,106.0
1660243736.985565,106.3
1660243737.005492,106.5
1660243737.025568,105.7
1660243737.045467,106.8
1660243737.06547,105.7
1660243737.085471,105.9
1660243737.10547,104.5
1660243737.125471,106.9
1660243737.145474,105.3
1660243737.165476,106.3
1660243737.185476,106.5
1660243737.205479,105.9
1660243737.225374,106.5
1660243737.245373,105.7
1660243737.265371,105.4
1660243737.285378,106.6
1660243737.30537,104.7
1660243737.325271,105.9
1660243737.346271,106.0
1660243737.365266,105.0
1660243737.385269,106.5
1660243737.405272,105.1
1660243737.42527,106.5
1660243737.446276,105.8
1660243737.465302,104.9
1660243737.4853,106.9
1660243737.505277,104.8
1660243737.525272,105.6
1660243737.5453,104.8
1660243737.566263,107.0
1660243737.586265,105.8
1660243737.605278,104.5
1660243737.625202,107.4
1660243737.6452,106.9
1660243737.666161,104.4
1660243737.68616,107.2
1660243737.70618,106.3
1660243737.726166,106.4
1660243737.746162,106.1
1660243737.76606,104.6
1660243737.786061,107.0
1660243737.806078,106.7
1660243737.826081,106.5
1660243737.846078,106.8
1660243737.866084,105.3
1660243737.886078,107.3
1660243737.906,106.5
1660243737.92608,106.3
1660243737.946122,106.5
1660243737.966081,105.2
1660243737.986086,106.8
1660243738.006088,106.6
1660243738.026098,106.6
1660243738.04611,106.5
1660243738.065933,105.4
1660243738.08593,107.0
1660243738.105937,106.3
1660243738.125932,106.1
1660243738.145933,106.2
1660243738.165836,106.4
1660243738.185836,104.9
1660243738.205849,106.9
1660243738.225822,106.3
1660243738.24582,104.8
1660243738.265824,106.6
1660243738.285744,105.0
1660243738.305839,107.5
1660243738.325832,106.7
1660243738.345837,105.8
1660243738.365755,105.3
1660243738.385738,106.0
1660243738.405734,105.6
1660243738.425762,104.6
1660243738.445749,107.3
1660243738.465764,104.8
1660243738.485657,106.7
1660243738.505663,104.3
1660243738.525646,107.0
1660243738.545643,104.6
1660243738.565618,105.5
1660243738.585651,106.3
1660243738.605559,104.3
1660243738.62564,106.9
1660243738.645548,106.3
1660243738.665547,105.7
1660243738.685545,106.6
1660243738.705532,105.7
1660243738.725541,107.3
1660243738.745538,107.8
1660243738.765548,106.6
1660243738.785554,106.1
1660243738.805535,105.5
1660243738.825544,106.2
1660243738.845529,106.0
1660243738.865427,105.8
1660243738.885429,106.3
1660243738.905431,104.3
1660243738.925439,106.8
1660243738.945433,105.3
1660243738.965419,106.0
1660243738.985421,104.9
1660243739.005434,106.7
1660243739.025421,105.2
1660243739.045338,106.7
1660243739.065319,105.6
1660243739.085319,107.2
1660243739.105331,105.9
1660243739.125337,105.6
1660243739.14535,106.6
1660243739.165354,104.5
1660243739.185332,107.0
1660243739.206328,106.5
1660243739.225372,106.7
1660243739.245252,106.5
1660243739.265247,106.1
1660243739.285325,106.9
1660243739.305265,106.3
1660243739.325258,105.7
1660243739.345254,107.4
1660243739.365252,106.9
1660243739.386224,106.0
1660243739.405247,106.1
1660243739.425254,106.0
1660243739.445258,106.8
1660243739.465251,106.0
1660243739.486257,107.0
1660243739.505266,107.0
1660243739.525226,106.3
1660243739.545128,106.3
1660243739.566124,106.7
1660243739.586112,105.2
1660243739.606141,106.7
1660243739.626133,106.8
1660243739.646158,106.1
1660243739.666134,107.2
1660243739.686133,106.2
1660243739.706146,107.0
1660243739.726132,106.1
1660243739.746158,107.0
1660243739.766137,106.8
1660243739.786135,105.8
1660243739.80614,109.0
1660243739.82614,106.9
1660243739.846135,107.2
1660243739.866144,106.9
1660243739.885966,106.5
1660243739.905972,106.7
1660243739.925976,105.9
1660243739.945979,107.1
1660243739.965972,105.3
1660243739.985974,106.4
1660243740.005894,106.8
1660243740.025912,108.5
1660243740.045896,106.3
1660243740.065895,107.0
1660243740.085899,105.9
1660243740.105874,106.9
1660243740.125879,106.5
1660243740.145797,106.9
1660243740.165771,106.0
1660243740.185776,107.4
1660243740.20577,107.0
1660243740.2258,107.0
1660243740.245806,108.9
1660243740.265806,107.0
1660243740.285767,107.4
1660243740.305774,106.9
1660243740.325805,106.7
1660243740.345801,106.3
1660243740.36582,106.3
1660243740.385838,105.6
1660243740.40579,107.0
1660243740.425812,106.3
1660243740.445683,107.0
1660243740.465704,107.3
1660243740.485698,106.7
1660243740.505704,106.5
1660243740.525699,106.3
1660243740.545684,106.3
1660243740.565616,105.4
1660243740.585592,107.1
1660243740.605613,106.8
1660243740.62559,106.5
1660243740.645584,106.6
1660243740.665589,106.3
1660243740.685487,106.2
1660243740.705482,106.4
1660243740.725504,105.8
1660243740.745483,106.8
1660243740.76549,107.0
1660243740.785503,106.6
1660243740.80549,107.4
1660243740.825512,106.6
1660243740.845491,106.8
1660243740.86541,106.4
1660243740.885416,106.7
1660243740.905412,106.3
1660243740.925455,107.7
1660243740.945414,107.5
1660243740.965315,107.3
1660243740.985319,106.9
1660243741.00531,106.3
1660243741.025306,106.4
1660243741.045284,107.1
1660243741.06529,106.7
1660243741.085283,106.7
1660243741.105225,106.9
1660243741.125316,107.0
1660243741.145243,107.6
1660243741.165227,108.1
1660243741.186168,106.3
1660243741.206166,106.7
1660243741.225238,106.4
1660243741.246173,106.3
1660243741.266198,105.4
1660243741.285199,106.9
1660243741.306191,106.5
1660243741.326062,106.4
1660243741.346203,106.9
1660243741.366062,106.4
1660243741.38604,106.4
1660243741.406038,106.5
1660243741.426034,105.8
1660243741.446034,106.3
1660243741.466039,105.9
1660243741.486042,107.0
1660243741.505933,106.8
1660243741.525934,106.6
1660243741.54603,105.8
1660243741.565991,106.5
1660243741.585939,106.5
1660243741.605936,106.0
1660243741.625932,106.3
1660243741.645928,106.7
1660243741.665934,106.6
1660243741.685932,105.9
1660243741.705918,106.7
1660243741.72594,106.1
1660243741.745834,107.9
1660243741.765857,107.1
1660243741.785828,107.5
1660243741.805854,107.3
1660243741.82583,108.0
1660243741.845848,107.1
1660243741.865764,107.2
1660243741.88576,107.1
1660243741.905731,109.1
1660243741.925735,106.6
1660243741.945736,107.4
1660243741.965758,107.2
1660243741.985726,107.3
1660243742.005653,109.0
1660243742.025633,106.7
1660243742.045688,107.7
1660243742.065636,107.1
1660243742.085638,107.2
1660243742.105631,107.4
1660243742.125635,107.2
1660243742.145527,110.1
1660243742.165537,107.3
1660243742.185541,107.6
1660243742.20553,107.4
1660243742.225531,107.0
1660243742.24543,108.0
1660243742.265436,110.3
1660243742.285432,106.7
1660243742.305434,106.7
1660243742.325445,106.3
1660243742.34543,106.7
1660243742.365341,107.0
1660243742.385328,107.2
1660243742.405331,106.8
1660243742.425328,106.3
1660243742.445343,105.8
1660243742.465262,106.7
1660243742.486228,107.4
1660243742.505253,105.7
1660243742.52526,105.3
1660243742.545268,106.7
1660243742.56531,106.3
1660243742.586344,106.7
1660243742.606227,104.8
1660243742.66517,107.0
1660243742.686148,105.2
1660243742.706161,105.5
1660243742.725249,106.7
1660243742.745243,105.5
1660243742.765171,106.9
1660243742.786081,105.1
1660243742.806082,106.4
1660243742.825208,105.5
1660243742.84612,107.0
1660243742.865072,107.0
1660243742.885001,105.7
1660243742.905989,106.9
1660243742.925986,105.5
1660243742.946043,107.0
1660243742.965988,106.6
1660243742.985985,104.0
1660243743.005884,107.3
1660243743.025882,106.3
1660243743.04588,104.9
1660243743.065891,107.0
1660243743.085879,107.6
1660243743.105884,107.8
1660243743.125899,106.9
1660243743.145882,106.5
1660243743.16588,106.0
1660243743.18589,105.8
1660243743.205887,107.8
1660243743.225784,105.3
1660243743.245777,105.1
1660243743.265782,106.5
1660243743.285809,105.9
1660243743.305709,106.1
1660243743.325714,106.7
1660243743.345686,106.3
1660243743.365702,106.3
1660243743.385701,104.6
1660243743.405702,107.6
1660243743.42568,105.9
1660243743.445704,106.3
1660243743.465607,105.2
1660243743.485602,107.0
1660243743.505581,106.0
1660243743.525581,106.3
1660243743.545617,106.7
1660243743.565583,106.2
1660243743.585601,106.7
1660243743.605585,105.6
1660243743.62559,107.0
1660243743.645594,106.3
1660243743.665585,106.3
1660243743.685482,105.4
1660243743.705588,106.5
1660243743.725489,105.8
1660243743.745492,107.0
1660243743.765483,106.0
1660243743.785492,107.4
1660243743.805484,107.0
1660243743.825484,106.3
1660243743.845486,106.3
1660243743.865484,107.1
1660243743.885484,108.4
1660243743.905439,106.7
1660243743.925403,105.9
1660243743.945383,107.9
1660243743.965377,105.9
1660243743.985381,105.4
1660243744.005383,106.5
1660243744.025382,105.9
1660243744.045308,107.5
1660243744.065306,106.3
1660243744.085281,105.3
1660243744.105281,107.3
1660243744.125265,106.6
1660243744.145331,106.6
1660243744.165286,106.4
1660243744.185313,104.9
1660243744.205259,106.8
1660243744.225215,106.2
1660243744.245247,105.0
1660243744.305232,106.7
1660243744.325218,105.7
1660243744.345123,105.7
1660243744.365118,106.4
1660243744.386121,106.1
1660243744.405118,104.3
1660243744.42512,107.0
1660243744.44502,105.4
1660243744.465119,106.3
1660243744.486021,107.5
1660243744.506021,104.5
1660243744.52601,106.0
1660243744.546026,105.5
1660243744.566026,106.0
1660243744.585024,105.7
1660243744.606029,106.5
1660243744.626028,105.6
1660243744.646028,105.0
1660243744.665927,106.3
1660243744.685922,104.7
1660243744.705923,107.7
1660243744.725911,105.6
1660243744.745911,107.4
1660243744.765914,107.8
1660243744.785851,106.3
1660243744.805923,106.7
1660243744.825842,106.8
1660243744.84597,106.3
1660243744.865946,104.7
1660243744.885994,107.4
1660243744.905918,106.5
1660243744.925905,105.3
1660243744.945858,107.3
1660243744.965838,106.7
1660243744.985741,106.3
1660243745.005729,106.6
1660243745.025749,106.7
1660243745.045764,106.5
1660243745.065792,106.4
1660243745.085736,106.0
1660243745.105803,106.5
1660243745.125738,106.6
1660243745.14573,106.3
1660243745.16574,106.5
1660243745.185639,106.3
1660243745.205825,105.4
1660243745.225644,106.4
1660243745.24564,106.3
1660243745.265643,104.1
1660243745.28564,106.7
1660243745.30564,104.7
1660243745.325639,106.9
1660243745.34559,105.2
1660243745.365588,106.5
1660243745.385541,107.0
1660243745.405538,107.2
1660243745.42553,105.8
1660243745.445543,105.9
1660243745.465442,104.5
1660243745.485547,106.5
1660243745.505435,105.5
1660243745.525438,105.8
1660243745.545427,105.7
1660243745.565437,106.4
1660243745.585441,105.6
1660243745.605328,106.9
1660243745.625341,105.5
1660243745.645335,105.4
1660243745.665349,105.8
1660243745.685363,106.0
1660243745.705278,106.5
1660243745.725372,106.9
1660243745.745406,106.4
1660243745.765264,106.1
1660243745.78535,105.9
1660243745.805351,106.3
1660243745.825349,106.3
1660243745.845346,105.1
1660243745.865271,106.1
1660243745.885294,106.0
1660243745.90521,106.8
1660243745.925217,104.9
1660243745.945219,106.4
1660243745.965194,105.7
1660243745.985193,105.9
1660243746.005086,106.4
1660243746.025188,106.1
1660243746.045081,104.5
1660243746.065076,106.3
1660243746.085078,104.8
1660243746.105086,106.6
1660243746.125085,106.2
1660243746.145078,105.9
1660243746.165078,106.1
1660243746.185079,106.2
1660243746.206088,106.1
1660243746.226084,106.9
1660243746.245042,106.3
1660243746.264975,104.9
1660243746.284976,106.3
1660243746.305988,106.3
1660243746.32599,105.7
1660243746.345967,106.3
1660243746.365008,105.9
1660243746.385053,106.8
1660243746.405012,105.8
1660243746.425976,105.6
1660243746.445911,107.1
1660243746.465985,106.6
1660243746.484897,106.2
1660243746.505986,106.2
1660243746.525961,105.0
1660243746.545873,106.3
1660243746.565886,105.8
1660243746.585897,106.2
1660243746.605875,105.5
1660243746.625892,106.4
1660243746.6459,104.6
1660243746.665869,107.1
1660243746.685884,105.0
1660243746.70579,106.6
1660243746.72579,104.4
1660243746.745799,106.5
1660243746.76579,106.3
1660243746.78579,106.0
1660243746.805874,106.2
1660243746.825802,105.6
1660243746.845797,106.8
1660243746.865793,106.0
1660243746.885691,105.1
1660243746.905696,106.3
1660243746.925688,104.9
1660243746.94569,105.5
1660243746.9657,106.3
1660243746.985696,105.6
1660243747.005652,106.2
1660243747.025596,106.3
1660243747.045598,105.7
1660243747.065598,105.8
1660243747.085598,106.2
1660243747.105606,105.4
1660243747.125494,105.7
1660243747.145486,107.7
1660243747.165486,105.9
1660243747.185499,106.8
1660243747.205509,105.9
1660243747.225492,105.9
1660243747.245485,106.2
1660243747.265514,105.0
1660243747.285405,106.8
1660243747.305384,105.4
1660243747.325392,105.3
1660243747.345412,106.4
1660243747.365407,106.1
1660243747.385438,106.3
1660243747.405458,104.9
1660243747.425332,106.7
1660243747.445408,104.2
1660243747.465443,109.5
1660243747.485479,106.0
1660243747.505345,105.2
1660243747.52547,106.7
1660243747.545471,105.3
1660243747.565416,106.4
1660243747.58531,106.0
1660243747.605292,106.3
1660243747.625297,105.5
1660243747.645235,107.2
1660243747.665226,106.7
1660243747.685242,106.4
1660243747.70531,106.0
1660243747.725244,106.3
1660243747.74514,107.6
1660243747.765135,107.0
1660243747.785185,106.3
1660243747.80515,106.6
1660243747.825195,106.3
1660243747.845143,106.3
1660243747.865139,106.8
1660243747.885043,106.1
1660243747.905033,106.1
1660243747.925065,106.6
1660243747.945071,104.7
1660243747.965047,106.4
1660243747.985051,105.7
1660243748.006078,106.2
1660243748.026056,106.8
1660243748.045037,107.0
1660243748.065051,106.7
1660243748.085058,106.2
1660243748.104944,105.6
1660243748.125957,105.3
1660243748.145973,105.2
1660243748.16598,105.8
1660243748.18593,106.4
1660243748.205854,105.6
1660243748.225848,106.2
1660243748.245876,106.1
1660243748.265892,106.6
1660243748.285778,106.2
1660243748.305777,105.0
1660243748.325758,104.8
1660243748.345766,106.3
1660243748.36576,105.3
1660243748.385765,105.0
1660243748.40576,107.0
1660243748.425761,104.6
1660243748.445764,107.1
1660243748.46569,106.5
1660243748.485664,106.7
1660243748.505674,104.8
1660243748.525676,107.0
1660243748.545666,106.4
1660243748.565658,106.0
1660243748.585654,104.8
1660243748.605667,106.2
1660243748.625673,106.1
1660243748.645653,105.4
1660243748.665661,106.3
1660243748.68556,106.3
1660243748.705647,105.5
1660243748.72565,106.1
1660243748.745648,105.3
1660243748.76565,106.2
1660243748.785665,105.2
1660243748.805662,107.2
1660243748.825588,106.4
1660243748.845669,106.3
1660243748.865664,106.6
1660243748.88556,108.9
1660243748.905547,106.7
1660243748.925594,106.5
1660243748.945587,106.4
1660243748.965565,106.7
1660243748.985609,106.1
1660243749.005558,106.5
1660243749.025574,106.8
1660243749.045587,105.9
1660243749.06557,106.6
1660243749.085446,106.7
1660243749.105446,106.6
1660243749.125467,106.2
1660243749.145461,105.7
1660243749.16546,107.2
1660243749.185461,106.3
1660243749.245463,105.4
1660243749.265465,106.8
1660243749.285464,106.2
1660243749.305466,106.3
1660243749.325468,106.3
1660243749.345315,106.2
1660243749.365316,106.3
1660243749.385302,106.3
1660243749.405306,105.5
1660243749.425308,106.6
1660243749.445444,106.7
1660243749.465334,105.3
1660243749.485339,107.0
1660243749.505335,106.3
1660243749.525312,106.5
1660243749.545305,106.4
1660243749.565304,106.3
1660243749.585232,106.1
1660243749.605229,105.2
1660243749.625244,106.6
1660243749.645207,106.8
1660243749.665233,106.2
1660243749.685201,106.4
1660243749.705124,106.5
1660243749.725204,106.6
1660243749.745124,106.4
1660243749.805098,106.8
1660243749.825122,106.8
1660243749.845091,106.5
1660243749.865106,106.3
1660243749.885126,106.3
1660243749.945098,105.5
1660243749.965025,106.8
1660243749.985024,106.6
1660243750.005029,106.4
1660243750.025022,106.5
1660243750.046017,105.8
1660243750.065018,107.2
1660243750.085074,106.3
1660243750.104922,106.4
1660243750.124953,106.7
1660243750.145917,106.1
1660243750.165921,106.7
1660243750.185924,106.7
1660243750.204925,106.2
1660243750.224922,105.9
1660243750.244922,106.7
1660243750.265929,106.0
1660243750.285814,106.7
1660243750.305821,106.3
1660243750.325831,106.3
1660243750.345821,106.3
1660243750.365801,106.5
1660243750.385718,106.2
1660243750.405701,106.5
1660243750.425705,106.3
1660243750.445716,105.6
1660243750.465714,106.9
1660243750.485726,106.3
1660243750.505705,106.3
1660243750.525721,106.2
1660243750.545712,107.0
1660243750.565613,106.0
1660243750.5856,106.2
1660243750.605614,106.1
1660243750.625601,105.3
1660243750.645602,106.3
1660243750.665623,105.7
1660243750.685522,106.2
1660243750.705524,106.0
1660243750.725518,106.3
1660243750.745543,107.5
1660243750.765519,106.1
1660243750.785524,105.9
1660243750.805548,105.6
1660243750.825538,106.6
1660243750.84554,104.1
1660243750.865533,107.4
1660243750.885376,106.3
1660243750.905364,106.3
1660243750.925366,106.2
1660243750.945363,105.3
1660243750.96537,106.8
1660243750.985361,105.6
1660243751.005359,104.6
1660243751.025362,106.4
1660243751.045372,106.2
1660243751.065264,105.6
1660243751.085271,106.9
1660243751.105262,106.2
1660243751.125189,105.4
1660243751.14519,106.3
1660243751.165155,106.0
1660243751.185159,105.1
1660243751.205183,106.0
1660243751.225195,104.5
1660243751.245158,105.8
1660243751.265144,106.1
1660243751.285053,106.4
1660243751.305095,104.3
1660243751.325062,108.2
1660243751.3451,106.8
1660243751.365125,106.7
1660243751.38509,105.8
1660243751.404991,103.6
1660243751.425065,106.7
1660243751.445061,105.6
1660243751.46497,106.0
1660243751.484961,104.8
1660243751.504969,106.7
1660243751.525973,106.3
1660243751.545867,105.0
1660243751.565878,105.5
1660243751.585869,105.3
1660243751.605866,106.3
1660243751.62586,105.6
1660243751.645861,106.6
1660243751.665863,106.2
1660243751.685764,105.7
1660243751.70576,106.3
1660243751.725761,106.5
1660243751.745766,106.1
1660243751.765662,106.3
1660243751.785667,105.4
1660243751.805666,106.4
1660243751.825665,106.5
1660243751.845668,105.5
1660243751.86565,107.0
1660243751.88567,106.2
1660243751.905644,105.6
1660243751.925555,106.5
1660243751.945566,105.5
1660243751.965542,104.3
1660243751.985579,107.3
1660243752.005576,104.7
1660243752.025542,107.1
1660243752.045546,105.3
1660243752.065562,106.6
1660243752.08555,106.0
1660243752.105548,106.2
1660243752.12542,106.5
1660243752.14541,105.4
1660243752.165404,106.5
1660243752.185429,104.7
1660243752.205294,106.3
1660243752.22532,105.2
1660243752.245291,104.9
1660243752.265296,106.4
1660243752.2853,105.1
1660243752.305301,106.7
1660243752.325296,105.6
1660243752.345302,105.6
1660243752.365332,106.0
1660243752.385297,105.4
1660243752.405198,106.5
1660243752.425199,105.9
1660243752.445194,105.2
1660243752.4652,106.9
1660243752.485215,106.4
1660243752.505196,105.0
1660243752.525198,106.6
1660243752.545102,104.7
1660243752.565104,106.7
1660243752.585114,104.1
1660243752.605114,106.8
1660243752.625194,105.1
1660243752.645166,105.3
1660243752.66512,106.6
1660243752.685034,104.9
1660243752.705037,106.6
1660243752.725008,104.7
1660243752.745006,107.0
1660243752.765006,106.0
1660243752.785011,106.3
1660243752.805015,105.3
1660243752.825004,106.8
1660243752.844928,106.3
1660243752.864934,106.7
1660243752.884913,107.2
1660243752.904904,106.4
1660243752.925911,105.4
1660243752.94593,107.3
1660243752.9659,106.5
1660243752.984832,105.6
1660243753.004832,106.8
1660243753.025794,106.6
1660243753.045794,105.3
1660243753.065794,106.7
1660243753.08571,106.7
1660243753.105738,106.5
1660243753.125707,105.8
1660243753.145707,107.0
1660243753.165724,105.0
1660243753.185718,106.7
1660243753.205727,105.6
1660243753.225722,106.2
1660243753.245721,104.7
1660243753.265723,104.7
1660243753.285614,105.5
1660243753.305611,106.5
1660243753.325612,105.1
1660243753.345614,105.2
1660243753.36561,106.7
1660243753.385613,104.8
1660243753.405607,106.1
1660243753.425637,105.3
1660243753.445682,105.0
1660243753.465623,105.7
1660243753.48566,105.4
1660243753.505628,106.7
1660243753.525521,105.6
1660243753.545453,104.2
1660243753.565478,107.2
1660243753.585438,106.3
1660243753.605461,105.7
1660243753.62548,105.4
1660243753.645531,106.1
1660243753.665545,104.9
1660243753.685485,104.4
1660243753.705496,107.2
1660243753.725586,105.6
1660243753.745362,107.7
1660243753.765382,106.5
1660243753.785355,106.4
1660243753.805365,106.1
1660243753.825361,106.3
1660243753.845284,104.8
1660243753.865294,105.6
1660243753.885348,106.0
1660243753.905266,105.9
1660243753.92526,106.8
1660243753.945272,106.4
1660243753.965279,106.4
1660243753.985346,106.5
1660243754.005291,106.3
1660243754.025184,105.4
1660243754.045203,105.7
1660243754.065177,105.7
1660243754.085159,106.1
1660243754.105183,105.9
1660243754.125207,106.4
1660243754.145065,105.3
1660243754.16506,106.3
1660243754.18506,104.7
1660243754.205062,107.2
1660243754.225061,106.5
1660243754.2452,105.1
1660243754.265107,106.0
1660243754.285039,106.9
1660243754.304978,107.5
1660243754.324999,106.8
1660243754.344988,106.7
1660243754.365023,106.2
1660243754.384878,106.4
1660243754.405958,106.6
1660243754.424938,106.1
1660243754.4449,106.2
1660243754.464863,106.2
1660243754.484921,106.4
1660243754.505881,105.9
1660243754.525873,104.7
1660243754.545895,106.3
1660243754.565843,106.2
1660243754.585831,105.8
1660243754.605778,105.6
1660243754.625769,104.7
1660243754.645792,106.5
1660243754.665855,105.8
1660243754.685785,105.9
1660243754.705864,105.5
1660243754.725821,106.2
1660243754.74574,106.2
1660243754.765677,106.3
1660243754.785788,106.5
1660243754.805654,105.5
1660243754.825665,105.3
1660243754.845668,105.8
1660243754.865654,105.6
1660243754.88565,105.1
1660243754.90564,105.6
1660243754.925717,106.5
1660243754.945681,104.3
1660243754.96565,107.1
1660243754.985669,106.3
1660243755.005738,104.4
1660243755.025684,107.3
1660243755.045764,106.0
1660243755.065728,104.3
1660243755.085504,106.5
1660243755.105506,106.2
1660243755.125511,106.3
1660243755.145513,105.6
1660243755.165613,106.4
1660243755.18556,106.3
1660243755.20552,106.5
1660243755.225586,106.3
1660243755.245567,105.4
1660243755.265565,105.5
1660243755.285422,106.3
1660243755.305414,105.3
1660243755.325431,106.4
1660243755.345435,105.8
1660243755.365492,106.5
1660243755.38544,105.5
1660243755.405443,106.3
1660243755.425504,105.2
1660243755.445543,105.2
1660243755.465417,106.0
1660243755.485411,105.5
1660243755.505423,105.1
1660243755.52534,106.9
1660243755.545456,105.5
1660243755.565353,105.9
1660243755.585347,106.7
1660243755.605466,105.4
1660243755.625434,106.6
1660243755.645417,106.3
1660243755.665362,106.1
1660243755.685283,106.6
1660243755.70522,105.6
1660243755.725225,106.0
1660243755.745216,106.0
1660243755.765222,106.5
1660243755.785295,106.1
1660243755.805294,105.5
1660243755.8253,106.4
1660243755.845272,105.9
1660243755.865122,106.1
1660243755.88513,105.7
1660243755.905245,105.9
1660243755.925145,105.8
1660243755.945184,106.3
1660243755.965217,105.1
1660243755.985122,106.6
1660243756.005135,105.3
1660243756.025132,106.2
1660243756.045122,104.7
1660243756.065018,106.4
1660243756.085018,105.9
1660243756.105128,106.4
1660243756.125032,106.8
1660243756.145128,106.4
1660243756.165101,104.6
1660243756.184956,106.7
1660243756.205062,106.1
1660243756.225068,106.3
1660243756.245078,103.5
1660243756.264978,106.6
1660243756.284934,104.9
1660243756.304958,106.1
1660243756.324994,104.7
1660243756.344944,106.2
1660243756.364963,104.3
1660243756.384979,106.8
1660243756.404915,104.2
1660243756.424922,107.1
1660243756.445803,106.1
1660243756.46583,105.0
1660243756.484851,106.5
1660243756.50485,106.9
1660243756.524838,106.2
1660243756.54587,105.1
1660243756.565844,105.4
1660243756.585886,106.0
1660243756.605898,105.5
1660243756.624761,105.8
1660243756.645844,106.3
1660243756.665786,105.6
1660243756.685717,104.9
1660243756.705786,107.1
1660243756.725713,104.5
1660243756.74573,108.1
1660243756.765725,107.7
1660243756.785764,107.0
1660243756.805622,106.7
1660243756.825627,106.0
1660243756.845576,108.6
1660243756.865704,106.7
1660243756.885567,106.2
1660243756.905636,105.7
1660243756.925605,105.6
1660243756.945564,105.9
1660243756.965468,107.2
1660243756.985527,106.4
1660243757.005465,106.1
1660243757.02557,106.6
1660243757.045532,105.1
1660243757.065478,107.5
1660243757.085517,106.0
1660243757.105497,104.7
1660243757.125464,105.7
1660243757.145393,105.5
1660243757.165438,105.5
1660243757.185424,106.5
1660243757.205462,106.4
1660243757.225384,106.5
1660243757.245384,105.4
1660243757.26545,105.8
1660243757.285391,105.3
1660243757.305375,105.7
1660243757.325436,105.1
1660243757.345375,105.0
1660243757.36541,105.8
1660243757.38538,106.5
1660243757.405454,105.6
1660243757.425358,105.6
1660243757.445279,105.6
1660243757.46528,105.8
1660243757.485304,106.3
1660243757.505427,105.2
1660243757.525186,106.4
1660243757.545186,105.2
1660243757.565194,105.8
1660243757.58518,106.2
1660243757.60519,105.5
1660243757.625186,105.4
1660243757.645317,104.7
1660243757.665295,106.7
1660243757.68519,105.7
1660243757.70509,106.3
1660243757.725154,105.4
1660243757.745184,105.6
1660243757.765144,106.2
1660243757.785107,105.8
1660243757.80506,106.3
1660243757.825016,106.3
1660243757.845024,105.5
1660243757.865049,106.5
1660243757.885102,107.1
1660243757.905098,106.6
1660243757.924905,104.6
1660243757.944891,107.9
1660243757.965003,106.4
1660243757.984956,106.2
1660243758.004942,106.0
1660243758.024936,106.0
1660243758.044926,106.1
1660243758.064927,106.1
1660243758.084809,107.7
1660243758.104871,106.5
1660243758.124776,106.2
1660243758.145857,106.5
1660243758.165895,105.9
1660243758.185857,106.8
1660243758.205885,106.7
1660243758.224889,106.5
1660243758.245786,106.3
1660243758.265789,106.3
1660243758.285643,106.3
1660243758.305621,106.0
1660243758.325629,106.1
1660243758.345625,106.1
1660243758.365628,104.0
1660243758.385674,107.1
1660243758.405618,105.1
1660243758.425629,106.7
1660243758.445662,105.8
1660243758.465627,106.2
1660243758.485627,105.3
1660243758.505649,106.0
1660243758.52564,104.3
1660243758.545539,106.3
1660243758.565532,105.0
1660243758.585527,105.6
1660243758.605528,105.1
1660243758.625528,106.5
1660243758.645527,105.6
1660243758.665548,106.2
1660243758.685525,106.6
1660243758.705517,106.1
1660243758.725444,105.8
1660243758.745465,105.0
1660243758.765448,106.7
1660243758.785437,105.6
1660243758.805444,106.4
1660243758.82546,105.8
1660243758.845356,106.3
1660243758.865352,105.8
1660243758.885334,106.8
1660243758.905316,105.1
1660243758.92525,106.3
1660243758.945256,105.1
1660243758.965258,105.6
1660243758.98525,105.8
1660243759.005318,106.3
1660243759.025219,106.4
1660243759.045291,106.3
1660243759.06522,105.7
1660243759.085222,106.7
1660243759.105221,105.9
1660243759.125266,105.5
1660243759.145269,105.5
1660243759.165133,105.3
1660243759.185243,106.3
1660243759.205118,105.7
1660243759.225123,106.3
1660243759.245115,106.8
1660243759.265118,105.9
1660243759.28512,106.0
1660243759.305021,106.5
1660243759.325082,105.9
1660243759.34502,106.5
1660243759.36508,105.9
1660243759.385019,106.2
1660243759.404921,106.3
1660243759.424929,106.3
1660243759.445022,106.1
1660243759.464923,105.7
1660243759.485014,106.7
1660243759.504811,105.7
1660243759.524907,105.8
1660243759.544856,105.3
1660243759.564886,106.1
1660243759.584825,104.4
1660243759.604801,107.3
1660243759.6247,105.7
1660243759.645808,106.1
1660243759.665712,105.2
1660243759.685726,106.9
1660243759.705719,104.7
1660243759.72473,106.5
1660243759.745713,107.2
1660243759.765693,106.2
1660243759.785724,105.0
1660243759.805612,106.2
1660243759.825646,105.6
1660243759.845571,106.9
1660243759.865697,105.4
1660243759.885521,106.5
1660243759.905494,105.6
1660243759.925462,106.3
1660243759.945469,106.8
1660243759.965481,105.2
1660243759.985482,105.4
1660243760.005472,105.9
1660243760.025522,106.1
1660243760.045528,106.6
1660243760.065426,105.8
1660243760.085387,106.1
1660243760.10538,105.9
1660243760.12538,105.5
1660243760.145496,106.6
1660243760.165395,105.0
1660243760.185283,106.3
1660243760.20528,105.0
1660243760.225336,106.3
1660243760.245327,105.7
1660243760.265355,105.5
1660243760.285286,106.4
1660243760.305277,105.9
1660243760.325179,106.1
1660243760.345174,105.8
1660243760.365226,105.5
1660243760.385155,104.9
1660243760.405153,106.4
1660243760.425173,105.5
1660243760.445167,106.5
1660243760.465167,105.0
1660243760.485226,106.7
1660243760.505184,104.8
1660243760.525106,106.3
1660243760.545103,104.0
1660243760.565072,107.1
1660243760.585196,104.2
1660243760.605102,107.1
1660243760.625167,105.1
1660243760.645055,107.0
1660243760.665015,106.0
1660243760.685047,106.7
1660243760.705054,106.3
1660243760.725002,105.5
1660243760.745105,107.1
1660243760.76497,106.6
1660243760.784971,106.5
1660243760.804874,106.1
1660243760.824875,106.3
1660243760.844874,106.3
1660243760.864872,106.3
1660243760.884921,106.8
1660243760.904912,106.5
1660243760.924976,106.3
1660243760.944884,106.5
1660243760.964756,106.0
1660243760.984712,107.1
1660243761.004713,106.2
1660243761.025765,105.7
1660243761.044775,106.5
1660243761.064702,106.3
1660243761.084822,106.4
1660243761.104713,106.5
1660243761.125733,106.3
1660243761.145644,106.4
1660243761.165612,106.4
1660243761.18561,105.6
1660243761.204652,106.1
1660243761.225615,105.4
1660243761.245719,105.8
1660243761.265642,106.3
1660243761.28551,105.5
1660243761.305506,106.4
1660243761.325564,105.1
1660243761.345564,106.1
1660243761.365514,105.2
1660243761.385406,104.8
1660243761.405443,106.5
1660243761.425415,104.6
1660243761.445412,106.8
1660243761.46534,104.9
1660243761.485346,106.4
1660243761.505332,106.1
1660243761.525329,105.7
1660243761.545332,106.4
1660243761.565326,104.5
1660243761.585322,106.7
1660243761.605311,104.4
1660243761.625348,106.7
1660243761.645448,105.1
1660243761.665226,104.3
1660243761.68536,107.6
1660243761.705222,104.5
1660243761.725304,106.5
1660243761.74523,106.2
1660243761.765305,105.6
1660243761.78522,105.2
1660243761.805242,106.0
1660243761.825218,105.7
1660243761.845214,105.4
1660243761.86524,106.4
1660243761.885247,106.0
1660243761.905153,105.6
1660243761.925118,106.1
1660243761.945185,106.8
1660243761.965138,105.3
1660243761.98514,106.5
1660243762.005107,105.5
1660243762.025031,106.4
1660243762.045083,108.2
1660243762.065018,104.9
1660243762.084944,107.6
1660243762.104952,106.4
1660243762.124904,106.3
1660243762.144989,106.5
1660243762.164921,105.6
1660243762.184848,106.3
1660243762.204903,106.0
1660243762.224907,106.0
1660243762.244978,105.7
1660243762.265002,105.6
1660243762.284917,105.9
1660243762.304765,106.3
1660243762.324756,105.1
1660243762.344753,106.8
1660243762.364739,106.2
1660243762.384716,105.9
1660243762.404654,104.1
1660243762.425658,106.9
1660243762.444716,103.8
1660243762.464756,107.2
1660243762.484662,105.5
1660243762.504656,106.1
1660243762.52571,106.2
1660243762.54566,105.5
1660243762.565559,106.2
1660243762.585609,105.4
1660243762.604561,104.7
1660243762.625619,106.3
1660243762.645563,104.8
1660243762.665566,106.2
1660243762.685642,105.1
1660243762.705562,106.3
1660243762.725564,105.6
1660243762.7456,108.0
1660243762.765564,107.6
1660243762.78558,106.3
1660243762.805461,105.9
1660243762.825559,105.2
1660243762.845698,107.5
1660243762.865547,104.6
1660243762.885535,106.9
1660243762.905472,106.8
1660243762.925476,106.3
1660243762.945531,105.6
1660243762.965384,106.4
1660243762.985531,105.0
1660243763.005488,106.7
1660243763.025399,105.3
1660243763.045472,106.5
1660243763.065395,106.1
1660243763.085386,105.5
1660243763.105386,106.2
1660243763.125395,105.9
1660243763.14539,106.1
1660243763.165415,105.3
1660243763.185384,106.6
1660243763.205394,105.9
1660243763.225383,105.3
1660243763.245372,106.9
1660243763.265312,106.2
1660243763.285281,103.9
1660243763.305276,107.3
1660243763.325321,106.5
1660243763.345346,106.5
1660243763.365176,106.5
1660243763.385185,106.2
1660243763.405179,106.4
1660243763.425172,105.8
1660243763.445173,106.4
1660243763.465225,106.1
1660243763.485168,105.4
1660243763.505071,106.3
1660243763.525161,104.7
1660243763.545217,106.7
1660243763.565056,104.6
1660243763.585164,106.4
1660243763.605074,104.5
1660243763.624975,106.6
1660243763.64505,105.2
1660243763.664981,105.3
1660243763.684978,106.3
1660243763.704974,106.4
1660243763.724976,104.7
1660243763.744964,106.7
1660243763.764951,106.3
1660243763.784836,106.0
1660243763.804843,106.6
1660243763.824827,105.9
1660243763.84491,106.1
1660243763.864832,105.5
1660243763.884944,105.5
1660243763.904829,105.0
1660243763.924953,107.0
1660243763.944758,106.4
1660243763.964805,105.4
1660243763.984786,106.9
1660243764.004735,106.3
1660243764.024724,104.6
1660243764.044727,106.7
1660243764.065713,106.3
1660243764.084816,106.1
1660243764.104776,106.5
1660243764.125615,105.6
1660243764.145622,106.1
1660243764.16462,106.2
1660243764.184608,105.3
1660243764.204667,106.7
1660243764.225679,105.8
1660243764.24562,105.3
1660243764.265523,105.8
1660243764.285514,105.5
1660243764.305518,105.5
1660243764.32551,105.9
1660243764.345527,106.5
1660243764.365505,106.3
1660243764.38553,105.5
1660243764.405522,105.6
1660243764.425527,106.0
1660243764.445539,105.6
1660243764.465422,104.7
1660243764.485403,106.4
1660243764.505444,106.3
1660243764.525424,105.5
1660243764.545415,106.7
1660243764.565422,106.3
1660243764.585418,106.3
1660243764.605409,106.5
1660243764.625416,106.3
1660243764.645318,106.4
1660243764.665336,106.2
1660243764.685347,105.9
1660243764.705402,105.8
1660243764.725438,105.5
1660243764.745437,107.2
1660243764.765292,108.0
1660243764.785272,105.6
1660243764.80526,106.9
1660243764.82523,106.3
1660243764.845233,106.5
1660243764.865226,105.9
1660243764.885115,105.4
1660243764.905144,106.8
1660243764.925168,106.5
1660243764.945167,106.8
1660243764.96512,106.8
1660243764.985127,106.7
1660243765.005008,106.6
1660243765.025005,106.3
1660243765.045051,106.6
1660243765.065002,107.7
1660243765.085,106.6
1660243765.105025,106.9
1660243765.125059,106.8
1660243765.145107,106.5
1660243765.165086,106.6
1660243765.185004,106.4
1660243765.205031,106.4
1660243765.225152,106.3
1660243765.245011,106.7
1660243765.265029,107.5
1660243765.284999,105.8
1660243765.304983,106.1
1660243765.324892,106.3
1660243765.34494,106.3
1660243765.364861,106.5
1660243765.38487,106.5
1660243765.404843,106.6
1660243765.424847,106.4
1660243765.44482,106.4
1660243765.464876,106.8
1660243765.484765,105.2
1660243765.504766,106.8
1660243765.524759,105.6
1660243765.544812,106.7
1660243765.564776,107.1
1660243765.584768,106.6
1660243765.604826,106.4
1660243765.624778,106.1
1660243765.644736,106.6
1660243765.664676,106.3
1660243765.684722,106.3
1660243765.70578,105.1
1660243765.72477,106.8
1660243765.744835,107.0
1660243765.764565,110.1
1660243765.784566,105.3
1660243765.804577,106.6
1660243765.825568,106.3
1660243765.845546,106.5
1660243765.865501,106.7
1660243765.885462,106.7
1660243765.945465,106.6
1660243765.965473,106.3
1660243765.985476,106.3
1660243766.005386,106.8
1660243766.025381,106.9
1660243766.045359,107.4
1660243766.065388,106.8
1660243766.085328,106.9
1660243766.105292,108.0
1660243766.125381,107.4
1660243766.145274,108.0
1660243766.165264,106.3
1660243766.185181,106.5
1660243766.205182,106.4
1660243766.225172,106.5
1660243766.245223,106.5
1660243766.265178,106.4
1660243766.285188,106.2
1660243766.305181,107.6
1660243766.325176,106.8
1660243766.345078,106.6
1660243766.365177,106.8
1660243766.385286,106.8
1660243766.40513,106.5
1660243766.425083,106.3
1660243766.445085,106.3
1660243766.465087,107.1
1660243766.485079,106.8
1660243766.505083,106.7
1660243766.525175,106.7
1660243766.545146,106.5
1660243766.565089,106.4
1660243766.585126,106.3
1660243766.604954,107.4
1660243766.624958,108.2
1660243766.644955,106.4
1660243766.665,107.4
1660243766.684921,106.9
1660243766.70499,106.5
1660243766.724918,106.2
1660243766.744936,106.9
1660243766.764978,107.3
1660243766.784834,106.3
1660243766.804872,106.7
1660243766.824876,107.1
1660243766.844816,107.6
1660243766.864851,106.6
1660243766.884771,106.4
1660243766.904745,106.3
1660243766.924776,106.3
1660243766.944833,108.9
1660243766.964774,106.7
1660243766.984728,107.1
1660243767.004622,107.6
1660243767.024704,106.7
1660243767.044718,106.4
1660243767.06462,106.7
1660243767.084681,106.4
1660243767.105669,106.7
1660243767.124641,106.5
1660243767.14462,106.9
1660243767.164614,108.0
1660243767.184746,106.2
1660243767.204541,106.3
1660243767.225623,106.6
1660243767.245567,106.7
1660243767.265516,106.4
1660243767.285558,106.9
1660243767.304515,108.6
1660243767.325514,110.0
1660243767.345524,108.9
1660243767.365524,108.3
1660243767.385421,106.8
1660243767.405408,107.0
1660243767.425423,107.4
1660243767.445437,106.7
1660243767.465457,107.3
1660243767.485494,108.3
1660243767.505416,106.1
1660243767.525424,107.2
1660243767.545421,109.2
1660243767.565316,106.6
1660243767.585317,107.2
1660243767.605342,107.9
1660243767.625311,106.0
1660243767.64532,107.4
1660243767.665314,107.7
1660243767.685321,106.7
1660243767.705229,108.5
1660243767.725269,107.3
1660243767.74523,107.7
1660243767.765236,108.5
1660243767.785283,107.4
1660243767.80522,107.8
1660243767.825241,109.6
1660243767.845132,106.8
1660243767.865179,106.3
1660243767.885148,106.4
1660243767.905224,106.7
1660243767.925108,106.7
1660243767.94514,106.2
1660243767.965144,106.4
1660243767.98519,106.6
1660243768.005175,106.5
1660243768.024994,106.6
1660243768.044993,106.2
1660243768.064969,106.4
1660243768.084979,106.3
1660243768.104958,105.9
1660243768.124974,106.2
1660243768.144903,105.8
1660243768.164862,106.3
1660243768.184844,105.5
1660243768.204862,106.7
1660243768.224876,105.6
1660243768.244855,106.1
1660243768.264889,106.5
1660243768.284893,105.7
1660243768.304887,105.9
1660243768.324865,106.3
1660243768.344789,105.3
1660243768.364768,106.2
1660243768.384765,106.3
1660243768.404766,105.3
1660243768.424682,106.5
1660243768.444684,105.4
1660243768.464679,106.3
1660243768.484692,105.5
1660243768.504678,106.3
1660243768.524583,105.7
1660243768.544595,105.0
1660243768.564558,106.3
1660243768.584577,104.6
1660243768.605475,105.6
1660243768.625469,106.8
1660243768.645506,106.1
1660243768.665499,106.3
1660243768.684474,105.6
1660243768.705469,106.9
1660243768.725479,106.1
1660243768.74539,107.3
1660243768.765358,108.0
1660243768.785383,107.7
1660243768.805385,105.8
1660243768.825374,104.8
1660243768.845436,107.4
1660243768.865373,106.4
1660243768.885369,106.0
1660243768.905368,107.1
1660243768.925379,106.6
1660243768.945341,106.5
1660243768.965288,106.6
1660243768.985263,106.4
1660243769.005316,106.3
1660243769.025259,105.8
1660243769.045269,106.1
1660243769.065248,106.7
1660243769.085282,106.4
1660243769.105156,106.2
1660243769.125156,106.9
1660243769.145163,106.7
1660243769.165152,106.4
1660243769.185266,106.7
1660243769.205165,106.7
1660243769.22517,106.8
1660243769.245216,106.4
1660243769.265217,106.5
1660243769.285044,106.4
1660243769.305007,107.0
1660243769.324998,104.9
1660243769.345005,107.2
1660243769.365007,107.8
1660243769.385004,106.7
1660243769.404952,106.8
1660243769.4249,110.5
1660243769.444906,107.0
1660243769.465012,106.8
1660243769.484907,107.0
1660243769.504798,106.6
1660243769.524914,106.8
1660243769.544905,106.8
1660243769.564916,107.7
1660243769.584814,106.4
1660243769.604855,106.8
1660243769.624811,106.7
1660243769.644809,106.5
1660243769.664814,106.6
1660243769.684707,106.3
1660243769.704706,106.6
1660243769.72477,106.4
1660243769.744704,106.5
1660243769.764689,107.1
1660243769.784795,106.9
1660243769.804747,106.8
1660243769.824681,107.1
1660243769.844693,106.4
1660243769.864607,106.6
1660243769.884643,106.4
1660243769.904632,106.4
1660243769.924742,106.1
1660243769.944707,105.6
1660243770.004622,106.5
1660243770.024543,105.2
1660243770.044633,106.3
1660243770.064514,105.5
1660243770.084535,106.5
1660243770.105524,106.6
1660243770.124565,105.2
1660243770.144531,105.5
1660243770.164582,106.0
1660243770.184523,104.7
1660243770.205524,107.0
1660243770.225529,105.5
1660243770.245432,106.4
1660243770.264466,105.5
1660243770.284538,106.5
1660243770.305429,105.9
1660243770.325449,105.3
1660243770.345451,105.9
1660243770.365422,106.3
1660243770.38554,104.8
1660243770.404448,107.4
1660243770.425482,106.5
1660243770.445531,106.2
1660243770.465348,105.7
1660243770.485316,106.1
1660243770.50548,106.3
1660243770.525344,106.6
1660243770.54532,106.1
1660243770.565257,106.6
1660243770.585377,106.3
1660243770.605367,105.8
1660243770.625245,106.3
1660243770.645244,106.3
1660243770.6653,106.7
1660243770.685253,106.2
1660243770.705226,106.6
1660243770.725248,106.1
1660243770.745248,105.7
1660243770.765229,106.3
1660243770.785219,105.6
1660243770.805214,105.7
1660243770.825228,106.3
1660243770.845356,106.3
1660243770.86523,106.3
1660243770.885216,106.9
1660243770.905063,106.3
1660243770.925058,106.2
1660243770.945056,106.0
1660243770.965057,105.9
1660243770.985064,106.1
1660243771.005067,106.3
1660243771.025109,105.4
1660243771.04507,106.2
1660243771.065062,106.0
1660243771.085119,106.7
1660243771.105071,106.5
1660243771.125074,106.3
1660243771.144966,106.1
1660243771.165022,105.3
1660243771.184972,106.3
1660243771.204973,104.9
1660243771.224987,106.5
1660243771.245031,105.0
1660243771.26497,106.8
1660243771.284998,106.1
1660243771.304982,106.0
1660243771.324982,105.8
1660243771.345004,105.8
1660243771.365013,106.9
1660243771.384986,106.4
1660243771.404869,106.0
1660243771.424868,105.0
1660243771.444935,106.5
1660243771.464884,105.6
1660243771.484897,106.5
1660243771.504806,106.3
1660243771.524914,105.2
1660243771.544926,105.2
1660243771.564903,107.0
1660243771.584782,104.7
1660243771.604769,105.9
1660243771.624778,106.0
1660243771.644801,105.3
1660243771.66476,106.7
1660243771.684776,105.8
1660243771.704772,106.4
1660243771.724785,106.1
1660243771.744769,106.5
1660243771.764756,107.5
1660243771.784787,106.3
1660243771.804677,106.6
1660243771.824685,106.3
1660243771.844734,106.6
1660243771.864678,106.3
1660243771.884679,106.5
1660243771.90481,106.6
1660243771.924689,106.7
1660243771.944698,106.8
1660243771.96474,106.7
1660243771.984687,105.2
1660243772.004694,106.0
1660243772.024577,105.8
1660243772.044586,106.0
1660243772.064583,106.4
1660243772.084586,105.3
1660243772.104585,107.3
1660243772.124492,106.5
1660243772.144536,106.2
1660243772.164605,105.6
1660243772.184491,106.1
1660243772.204554,105.4
1660243772.22541,106.3
1660243772.245386,106.1
1660243772.265388,105.8
1660243772.285382,106.2
1660243772.304458,106.3
1660243772.325371,106.3
1660243772.345373,105.7
1660243772.36527,105.7
1660243772.385264,106.4
1660243772.405423,105.3
1660243772.425289,105.7
1660243772.445279,105.1
1660243772.465362,106.3
1660243772.485424,106.3
1660243772.50534,105.4
1660243772.525146,106.4
1660243772.545126,105.6
1660243772.565208,106.6
1660243772.585192,105.4
1660243772.605125,105.0
1660243772.625168,106.3
1660243772.645115,105.0
1660243772.665126,107.1
1660243772.685214,105.5
1660243772.705167,106.2
1660243772.72517,106.5
1660243772.74512,105.2
1660243772.765233,107.2
1660243772.78518,106.0
1660243772.805138,105.2
1660243772.825078,106.7
1660243772.845147,104.6
1660243772.865118,107.3
1660243772.885125,105.7
1660243772.905078,107.3
1660243772.924931,105.7
1660243772.944922,106.6
1660243772.965019,106.6
1660243772.984934,106.1
1660243773.004973,106.2
1660243773.024929,106.3
1660243773.045073,106.8
1660243773.064946,107.0
1660243773.084938,107.2
1660243773.104842,106.7
1660243773.124811,106.7
1660243773.144865,106.6
1660243773.164821,106.4
1660243773.184842,106.5
1660243773.204821,106.7
1660243773.224807,107.1
1660243773.244822,106.0
1660243773.264816,106.3
1660243773.284828,106.5
1660243773.304718,105.7
1660243773.324722,106.8
1660243773.344805,105.3
1660243773.364867,107.7
1660243773.384728,106.5
1660243773.404888,106.0
1660243773.424728,106.8
1660243773.444736,106.4
1660243773.464797,106.3
1660243773.484757,106.3
1660243773.504678,105.9
1660243773.524629,106.8
1660243773.544731,106.2
1660243773.564693,106.3
1660243773.584624,106.3
1660243773.604618,106.0
1660243773.624618,106.5
1660243773.644523,105.2
1660243773.664526,106.9
1660243773.68452,106.7
1660243773.70456,106.4
1660243773.724433,106.8
1660243773.744498,106.7
1660243773.764556,106.8
1660243773.784442,106.6
1660243773.804454,106.3
1660243773.825548,106.9
1660243773.845442,106.4
1660243773.865444,106.5
1660243773.884374,106.1
1660243773.905456,106.7
1660243773.925337,107.0
1660243773.945334,106.8
1660243773.965488,106.5
1660243773.985316,106.4
1660243774.005339,106.2
1660243774.025416,106.6
1660243774.045422,106.6
1660243774.065348,105.8
1660243774.08531,107.1
1660243774.1054,106.9
1660243774.125266,106.8
1660243774.145443,106.7
1660243774.165388,106.8
1660243774.185186,106.2
1660243774.205204,106.3
1660243774.225177,107.0
1660243774.245218,106.4
1660243774.265168,105.6
1660243774.285165,107.5
1660243774.305164,107.7
1660243774.325061,106.9
1660243774.345066,106.5
1660243774.365063,106.3
1660243774.385118,106.3
1660243774.405068,106.4
1660243774.425087,106.7
1660243774.445138,106.1
1660243774.465137,106.1
1660243774.485192,105.9
1660243774.504975,106.7
1660243774.524972,106.6
1660243774.544986,105.9
1660243774.564972,106.2
1660243774.585074,106.3
1660243774.605032,105.8
1660243774.625036,106.6
1660243774.644854,106.6
1660243774.664877,106.4
1660243774.684874,106.3
1660243774.704926,106.2
1660243774.724856,106.9
1660243774.744858,106.7
1660243774.764855,108.4
1660243774.784757,109.2
1660243774.804888,106.3
1660243774.824755,106.3
1660243774.844759,105.8
1660243774.864685,104.8
1660243774.884803,107.0
1660243774.90475,105.0
1660243774.924707,106.5
1660243774.944642,105.4
1660243774.964756,107.0
1660243774.984736,105.9
1660243775.004579,106.0
1660243775.024642,106.3
1660243775.044596,104.5
1660243775.064516,106.7
1660243775.084581,106.1
1660243775.104726,105.9
1660243775.124597,105.7
1660243775.144533,106.3
1660243775.16449,106.2
1660243775.184552,106.3
1660243775.204535,105.8
1660243775.224542,107.1
1660243775.24454,106.2
1660243775.26455,104.2
1660243775.28451,107.0
1660243775.30449,106.0
1660243775.324496,106.0
1660243775.344384,106.5
1660243775.365404,106.7
1660243775.385406,106.7
1660243775.40548,106.5
1660243775.425559,106.2
1660243775.445409,104.6
1660243775.4655,106.6
1660243775.485452,105.4
1660243775.505411,106.3
1660243775.525246,105.3
1660243775.545288,106.3
1660243775.565198,106.1
1660243775.585318,106.1
1660243775.60526,105.8
1660243775.625259,105.7
1660243775.645219,106.0
1660243775.665201,106.4
1660243775.68528,105.6
1660243775.705344,105.3
1660243775.725212,106.3
1660243775.745183,104.8
1660243775.765145,105.2
1660243775.785115,106.2
1660243775.805218,106.4
1660243775.825127,106.6
1660243775.845149,106.5
1660243775.86512,106.6
1660243775.88512,106.1
1660243775.905139,106.3
1660243775.925029,106.5
1660243775.945037,105.9
1660243775.965136,106.6
1660243775.985058,106.5
1660243776.00504,106.5
1660243776.025039,106.7
1660243776.045084,106.2
1660243776.065039,106.3
1660243776.085046,106.4
1660243776.105048,105.8
1660243776.124959,104.9
1660243776.14494,106.3
1660243776.164935,105.6
1660243776.185048,106.4
1660243776.205055,105.1
1660243776.224945,106.9
1660243776.24499,104.8
1660243776.265004,106.4
1660243776.284931,105.5
1660243776.304949,105.1
1660243776.324929,106.3
1660243776.344936,105.4
1660243776.365011,106.1
1660243776.38484,105.9
1660243776.404935,105.8
1660243776.424834,106.4
1660243776.444879,105.1
1660243776.464842,106.1
1660243776.484839,106.0
1660243776.504828,104.6
1660243776.524892,106.9
1660243776.544882,105.2
1660243776.564832,106.7
1660243776.584896,105.6
1660243776.604926,105.4
1660243776.624797,106.8
1660243776.644842,106.3
1660243776.664749,105.9
1660243776.684649,106.2
1660243776.704642,105.1
1660243776.724742,106.3
1660243776.744694,105.6
1660243776.764772,105.7
1660243776.784656,106.5
1660243776.804622,106.3
1660243776.824545,106.4
1660243776.844602,106.1
1660243776.864697,106.2
1660243776.884662,105.4
1660243776.904557,106.3
1660243776.924601,105.4
1660243776.944543,105.2
1660243776.964542,106.2
1660243776.98455,106.6
1660243777.004498,105.7
1660243777.024552,106.7
1660243777.044451,105.7
1660243777.064448,106.4
1660243777.084499,106.0
1660243777.104467,106.0
1660243777.124438,106.3
1660243777.14445,106.6
1660243777.165448,106.4
1660243777.184421,106.5
1660243777.204458,106.0
1660243777.224515,107.0
1660243777.245463,106.3
1660243777.265434,106.6
1660243777.284295,106.0
1660243777.304292,106.0
1660243777.324286,106.1
1660243777.345335,106.2
1660243777.36533,106.3
1660243777.385317,106.7
1660243777.404353,105.5
1660243777.425342,106.8
1660243777.445276,106.3
1660243777.465275,105.6
1660243777.485266,104.7
1660243777.505291,106.8
1660243777.525288,104.0
1660243777.545167,106.8
1660243777.565167,105.9
1660243777.585173,105.4
1660243777.605196,106.4
1660243777.625094,106.2
1660243777.64507,104.9
1660243777.665121,107.1
1660243777.685072,106.3
1660243777.705144,103.8
1660243777.725067,106.8
1660243777.745131,105.0
1660243777.764979,107.7
1660243777.785064,107.4
1660243777.804993,106.6
1660243777.82499,106.4
1660243777.844994,106.3
1660243777.865035,106.2
1660243777.884882,106.3
1660243777.904896,106.0
1660243777.924941,105.8
1660243777.944984,105.0
1660243777.964889,106.1
1660243777.985019,106.3
1660243778.0049,105.7
1660243778.024829,106.2
1660243778.044786,106.1
1660243778.064892,106.0
1660243778.084799,105.1
1660243778.104836,106.3
1660243778.124796,105.6
1660243778.144744,106.3
1660243778.164813,105.4
1660243778.184719,106.4
1660243778.204686,105.6
1660243778.224751,106.3
1660243778.244704,106.3
1660243778.264711,106.6
1660243778.284673,106.4
1660243778.304729,104.3
1660243778.324735,106.8
1660243778.344729,104.7
1660243778.364674,106.4
1660243778.384591,106.8
1660243778.404574,106.0
1660243778.424587,106.3
1660243778.444614,106.3
1660243778.464576,105.7
1660243778.484528,106.6
1660243778.504538,106.3
1660243778.52447,106.5
1660243778.544498,104.2
1660243778.564552,107.2
1660243778.5845,106.3
1660243778.604508,105.8
1660243778.624488,106.3
1660243778.644492,105.6
1660243778.664492,106.4
1660243778.684471,106.4
1660243778.704479,105.5
1660243778.724477,105.8
1660243778.745483,106.0
1660243778.764484,105.2
1660243778.78432,106.7
1660243778.804329,106.0
1660243778.824394,106.3
1660243778.845336,105.0
1660243778.865368,107.3
1660243778.884266,106.3
1660243778.904271,106.2
1660243778.924219,105.0
1660243778.945217,106.6
1660243778.96523,103.5
1660243778.985238,106.3
1660243779.005234,105.7
1660243779.025238,106.3
1660243779.045201,105.7
1660243779.065148,106.5
1660243779.085134,106.3
1660243779.105127,106.2
1660243779.125191,105.7
1660243779.145127,106.3
1660243779.16517,105.4
1660243779.185141,105.7
1660243779.205152,106.2
1660243779.225158,106.6
1660243779.245043,106.2
1660243779.265061,105.8
1660243779.285096,106.4
1660243779.305095,106.2
1660243779.325061,106.3
1660243779.345055,106.3
1660243779.365053,106.6
1660243779.385056,106.6
1660243779.405116,106.0
1660243779.425052,106.2
1660243779.445044,106.1
1660243779.465105,106.4
1660243779.485047,106.1
1660243779.505054,104.9
1660243779.525048,106.6
1660243779.545011,104.2
1660243779.56499,106.9
1660243779.584947,106.2
1660243779.604954,105.0
1660243779.625002,106.4
1660243779.644937,105.2
1660243779.665034,106.4
1660243779.684946,106.4
1660243779.70485,105.5
1660243779.724855,106.8
1660243779.744926,106.3
1660243779.764908,106.3
1660243779.784839,106.0
1660243779.804903,105.5
1660243779.824866,106.4
1660243779.844833,106.3
1660243779.864771,106.4
1660243779.884736,106.3
1660243779.904728,106.6
1660243779.924715,106.5
1660243779.944699,106.5
1660243779.964707,106.4
1660243779.984696,106.0
1660243780.004638,105.8
1660243780.024664,105.4
1660243780.044663,106.4
1660243780.064643,105.9
1660243780.0846,106.3
1660243780.104591,106.8
1660243780.12455,106.3
1660243780.144531,105.3
1660243780.164549,105.3
1660243780.184562,105.7
1660243780.204628,106.3
1660243780.224576,105.7
1660243780.244546,105.8
1660243780.264555,105.9
1660243780.284538,106.0
1660243780.304616,106.3
1660243780.324551,105.9
1660243780.344563,106.3
1660243780.364533,103.7
1660243780.38453,106.9
1660243780.404536,105.8
1660243780.424565,104.6
1660243780.444537,106.9
1660243780.464463,105.2
1660243780.484612,106.6
1660243780.504393,104.8
1660243780.524374,106.4
1660243780.544418,106.1
1660243780.564396,105.0
1660243780.5844,105.9
1660243780.604394,105.3
1660243780.624368,106.1
1660243780.644327,106.0
1660243780.664362,106.1
1660243780.684425,106.4
1660243780.704302,105.9
1660243780.724195,106.1
1660243780.744219,105.7
1660243780.765196,106.9
1660243780.785264,106.6
1660243780.805183,106.3
1660243780.82521,105.9
1660243780.844201,106.3
1660243780.865193,106.5
1660243780.885187,106.4
1660243780.905105,106.5
1660243780.925104,106.1
1660243780.945121,106.3
1660243780.965109,105.9
1660243780.985272,104.6
1660243781.005155,106.8
1660243781.025205,106.5
1660243781.045117,106.2
1660243781.065013,105.8
1660243781.085003,106.9
1660243781.105007,106.3
1660243781.125156,106.6
1660243781.145002,106.9
1660243781.165025,106.4
1660243781.185008,106.4
1660243781.20502,106.4
1660243781.225018,106.3
1660243781.245103,106.4
1660243781.265013,106.5
1660243781.285024,106.4
1660243781.305051,105.8
1660243781.324922,106.2
1660243781.344886,105.4
1660243781.364969,105.1
1660243781.384938,106.2
1660243781.40491,105.8
1660243781.42491,105.1
1660243781.444914,106.3
1660243781.46487,106.0
1660243781.484848,104.9
1660243781.504736,106.5
1660243781.524732,105.5
1660243781.544898,106.3
1660243781.564795,105.0
1660243781.584582,105.1
1660243781.604642,106.0
1660243781.62458,105.4
1660243781.644597,106.6
1660243781.664629,106.2
1660243781.684601,106.1
1660243781.704594,106.2
1660243781.724586,105.7
1660243781.744602,106.2
1660243781.764586,105.2
1660243781.784654,106.3
1660243781.804439,106.3
1660243781.824611,106.2
1660243781.844484,105.5
1660243781.864489,106.5
1660243781.884489,105.9
1660243781.904483,106.3
1660243781.924485,106.2
1660243781.944503,106.2
1660243781.964548,105.0
1660243781.984497,106.6
1660243782.004545,106.0
1660243782.024429,105.3
1660243782.044423,105.7
1660243782.064433,106.4
1660243782.084368,106.6
1660243782.104379,106.3
1660243782.124412,106.0
1660243782.144342,106.4
1660243782.164366,105.9
1660243782.184364,105.5
1660243782.204511,105.9
1660243782.224373,105.7
1660243782.244473,105.5
1660243782.264464,106.1
1660243782.284336,106.1
1660243782.304278,106.3
1660243782.324358,106.3
1660243782.344282,106.3
1660243782.365339,105.9
1660243782.38426,105.7
1660243782.404327,106.4
1660243782.424307,105.9
1660243782.44427,104.9
1660243782.465264,107.0
1660243782.48529,106.3
1660243782.504224,106.3
1660243782.524216,105.8
1660243782.544224,106.6
1660243782.605163,105.8
1660243782.625171,105.6
1660243782.645178,105.9
1660243782.665145,105.0
1660243782.685131,106.8
1660243782.705175,106.5
1660243782.725066,106.1
1660243782.745166,106.1
1660243782.765181,105.6
1660243782.785205,105.7
1660243782.805225,105.9
1660243782.825078,105.7
1660243782.845108,105.4
1660243782.865178,106.7
1660243782.884979,106.4
1660243782.90502,106.4
1660243782.925062,106.2
1660243782.94505,106.7
1660243782.964969,106.4
1660243782.985079,106.5
1660243783.005015,106.2
1660243783.024973,106.2
1660243783.045081,106.3
1660243783.064873,106.6
1660243783.084977,106.7
1660243783.104924,106.3
1660243783.124868,106.5
1660243783.144859,106.4
1660243783.164918,106.5
1660243783.184795,106.4
1660243783.204774,106.1
1660243783.224765,106.1
1660243783.24476,105.9
1660243783.264753,105.8
1660243783.284813,105.4
1660243783.304808,106.7
1660243783.324744,105.5
1660243783.344682,106.9
1660243783.364644,105.7
1660243783.384676,106.2
1660243783.404631,105.3
1660243783.42466,106.3
1660243783.444729,105.9
1660243783.464773,105.2
1660243783.484704,106.0
1660243783.504647,105.6
1660243783.524669,106.3
1660243783.544536,105.4
1660243783.564575,106.0
1660243783.584538,105.9
1660243783.604489,106.0
1660243783.624547,105.5
1660243783.644562,106.2
1660243783.664504,105.5
1660243783.684414,106.6
1660243783.704502,106.3
1660243783.724492,105.6
1660243783.744435,107.0
1660243783.764422,107.5
1660243783.784394,108.6
1660243783.804406,107.6
1660243783.824414,106.3
1660243783.844319,106.3
1660243783.864312,107.6
1660243783.884299,106.7
1660243783.904415,106.6
1660243783.924372,106.3
1660243783.945261,106.5
1660243783.964218,106.1
1660243783.985214,105.8
1660243784.004215,106.1
1660243784.024228,105.5
1660243784.045276,105.5
1660243784.065233,105.6
1660243784.085166,106.0
1660243784.105161,106.1
1660243784.125212,106.7
1660243784.14425,106.5
1660243784.165178,105.7
1660243784.185216,106.3
1660243784.205246,105.4
1660243784.225211,105.8
1660243784.245133,105.6
1660243784.265025,106.2
1660243784.285105,106.1
1660243784.305094,106.5
1660243784.325003,106.2
1660243784.345013,106.1
1660243784.365064,105.7
1660243784.384945,105.8
1660243784.404912,106.2
1660243784.424984,106.1
1660243784.44493,106.3
1660243784.464946,106.1
1660243784.484929,106.3
1660243784.504922,105.3
1660243784.524918,106.3
1660243784.544926,106.3
1660243784.564929,106.8
1660243784.584822,106.3
1660243784.604807,106.2
1660243784.624818,106.0
1660243784.644814,105.2
1660243784.664823,106.3
1660243784.684815,105.4
1660243784.704817,105.9
1660243784.724812,106.1
1660243784.744703,106.3
1660243784.764709,105.9
1660243784.784691,106.5
1660243784.804808,106.0
1660243784.824725,105.7
1660243784.844719,106.3
1660243784.864765,105.5
1660243784.884638,106.5
1660243784.904633,106.3
1660243784.924638,106.1
1660243784.944555,106.9
1660243784.964535,106.6
1660243784.984543,106.6
1660243785.00456,106.5
1660243785.024579,106.2
1660243785.044561,106.4
1660243785.064601,106.3
1660243785.084588,106.3
1660243785.104481,106.1
1660243785.124539,106.1
1660243785.144448,106.7
1660243785.164452,106.4
1660243785.184493,106.4
1660243785.20446,106.2
1660243785.224464,106.2
1660243785.244513,106.3
1660243785.264465,105.6
1660243785.28446,105.7
1660243785.304457,105.6
1660243785.32447,104.3
1660243785.344374,107.1
1660243785.364422,105.9
1660243785.38436,105.9
1660243785.404408,106.0
1660243785.424475,106.1
1660243785.444374,105.8
1660243785.46436,105.7
1660243785.484362,105.5
1660243785.504382,105.7
1660243785.52436,105.1
1660243785.544302,106.8
1660243785.564258,106.5
1660243785.584257,105.8
1660243785.604255,106.3
1660243785.624255,105.9
1660243785.644254,105.9
1660243785.664261,105.2
1660243785.684314,106.1
1660243785.704305,105.5
1660243785.72418,105.9
1660243785.744258,106.3
1660243785.764282,106.3
1660243785.785163,106.2
1660243785.804238,106.3
1660243785.824187,105.7
1660243785.84408,105.0
1660243785.864054,106.5
1660243785.885085,106.1
1660243785.905052,106.5
1660243785.925066,106.1
1660243785.944964,104.8
1660243785.965035,106.4
1660243785.984966,106.3
1660243786.005034,106.0
1660243786.0249,105.4
1660243786.044956,105.8
1660243786.064869,106.1
1660243786.084856,105.9
1660243786.104859,105.9
1660243786.124862,104.6
1660243786.144864,106.6
1660243786.16486,106.2
1660243786.184933,105.0
1660243786.204924,106.8
1660243786.22494,106.3
1660243786.244783,105.3
1660243786.264766,106.3
1660243786.284748,105.3
1660243786.304772,106.3
1660243786.324786,105.3
1660243786.344774,106.7
1660243786.364764,106.2
1660243786.384771,106.7
1660243786.404803,106.5
1660243786.42482,106.2
1660243786.444656,106.5
1660243786.464607,105.6
1660243786.48467,106.0
1660243786.504664,105.6
1660243786.524613,105.3
1660243786.544501,106.4
1660243786.564502,105.3
1660243786.584496,104.8
1660243786.604511,107.0
1660243786.624508,105.1
1660243786.644512,106.4
1660243786.664502,104.5
1660243786.684517,106.2
1660243786.704541,105.1
1660243786.72451,106.0
1660243786.744444,105.3
1660243786.764544,107.3
1660243786.784515,107.8
1660243786.804419,107.9
1660243786.824503,105.6
1660243786.844493,106.0
1660243786.864408,104.2
1660243786.884393,106.3
1660243786.944299,106.2
1660243786.964306,105.5
1660243786.984304,106.2
1660243787.004285,106.3
1660243787.024283,104.9
1660243787.044198,107.3
1660243787.064245,106.2
1660243787.084211,106.3
1660243787.104143,106.0
1660243787.124165,105.6
1660243787.144104,106.2
1660243787.165176,105.0
1660243787.185102,106.9
1660243787.205179,106.3
1660243787.224151,105.4
1660243787.24411,105.7
1660243787.265005,106.4
1660243787.285016,105.6
1660243787.304998,106.6
1660243787.325005,104.9
1660243787.345028,106.9
1660243787.364016,106.6
1660243787.385038,106.0
1660243787.405113,106.3
1660243787.425032,104.4
1660243787.445017,106.9
1660243787.465005,106.0
1660243787.485114,104.6
1660243787.504937,107.3
1660243787.524938,106.3
1660243787.544937,106.4
1660243787.565048,106.0
1660243787.584933,105.9
1660243787.604969,106.7
1660243787.624965,106.2
1660243787.644909,106.6
1660243787.66501,106.2
1660243787.684799,106.2
1660243787.704785,106.0
1660243787.724855,105.7
1660243787.744896,106.5
1660243787.764859,106.4
1660243787.784915,106.3
1660243787.804824,106.7
1660243787.824866,106.0
1660243787.844819,106.3
1660243787.864812,105.9
1660243787.884762,105.8
1660243787.90487,106.5
1660243787.924811,105.7
1660243787.944698,105.1
1660243787.964758,105.8
1660243787.984655,106.3
1660243788.004765,106.3
1660243788.024661,106.5
1660243788.044656,106.1
1660243788.064763,106.2
1660243788.084557,107.0
1660243788.104601,105.9
1660243788.124609,104.8
1660243788.144562,106.2
1660243788.164672,105.3
1660243788.184562,106.3
1660243788.204636,105.7
1660243788.224588,105.8
1660243788.244602,106.2
1660243788.264488,105.7
1660243788.284443,105.3
1660243788.30449,105.4
1660243788.324448,105.1
1660243788.344353,105.3
1660243788.364346,105.9
1660243788.384382,105.7
1660243788.404378,105.8
1660243788.424382,105.6
1660243788.444298,105.8
1660243788.46439,106.1
1660243788.484283,105.1
1660243788.504393,105.7
1660243788.524307,105.3
1660243788.544296,105.0
1660243788.564379,105.7
1660243788.58427,105.2
1660243788.604199,105.7
1660243788.624323,105.9
1660243788.645173,105.5
1660243788.66416,105.8
1660243788.684238,105.7
1660243788.704186,105.1
1660243788.72409,106.0
1660243788.74411,105.5
1660243788.765124,105.8
1660243788.785134,105.3
1660243788.80419,107.1
1660243788.824077,106.6
1660243788.844066,106.6
1660243788.864978,106.2
1660243788.884963,106.2
1660243788.904962,106.3
1660243788.924982,106.3
1660243788.945031,106.3
1660243788.965084,105.5
1660243788.985,106.5
1660243789.004987,106.7
1660243789.024968,106.4
1660243789.044898,106.3
1660243789.064856,106.0
1660243789.084891,106.6
1660243789.104869,106.3
1660243789.124962,105.6
1660243789.144865,105.3
1660243789.164879,106.6
1660243789.184869,105.2
1660243789.204901,105.7
1660243789.224862,106.3
1660243789.244972,105.1
1660243789.264732,106.3
1660243789.284728,106.2
1660243789.304865,105.9
1660243789.32471,105.6
1660243789.344706,105.5
1660243789.36471,105.4
1660243789.384624,105.6
1660243789.404734,105.7
1660243789.424613,105.8
1660243789.444654,106.0
1660243789.464635,106.3
1660243789.484587,105.8
1660243789.504557,106.5
1660243789.524602,105.7
1660243789.544601,105.5
1660243789.564507,106.8
1660243789.584514,104.8
1660243789.604397,106.6
1660243789.624392,105.5
1660243789.644411,106.5
1660243789.664446,106.2
1660243789.684429,105.6
1660243789.704457,106.4
1660243789.724421,105.2
1660243789.744419,105.7
1660243789.764365,106.4
1660243789.784345,107.5
1660243789.804279,106.4
1660243789.824278,105.9
1660243789.844315,106.2
1660243789.864348,105.9
1660243789.884332,106.0
1660243789.904303,106.6
1660243789.924354,106.0
1660243789.944214,104.8
1660243789.964197,106.4
1660243789.984254,104.3
1660243790.004188,107.1
1660243790.024231,105.0
1660243790.044191,106.5
1660243790.06421,106.3
1660243790.084254,105.4
1660243790.104205,107.0
1660243790.124233,106.2
1660243790.144248,105.6
1660243790.164206,106.5
1660243790.184248,105.6
1660243790.204271,107.0
1660243790.224101,105.6
1660243790.24415,107.5
1660243790.264148,106.1
1660243790.284175,105.9
1660243790.30417,106.1
1660243790.324106,106.3
1660243790.344114,105.7
1660243790.365109,106.1
1660243790.385002,105.8
1660243790.404018,105.7
1660243790.424002,104.9
1660243790.444068,105.8
1660243790.465023,106.0
1660243790.485042,105.9
1660243790.504095,106.2
1660243790.525113,105.3
1660243790.543981,105.2
1660243790.564038,106.0
1660243790.58497,105.0
1660243790.604991,106.2
1660243790.624995,104.8
1660243790.644995,106.2
1660243790.664916,105.4
1660243790.68498,105.7
1660243790.70494,106.0
1660243790.724959,105.7
1660243790.744944,105.4
1660243790.764886,106.1
1660243790.785024,105.1
1660243790.805012,106.3
1660243790.824999,105.9
1660243790.845014,105.0
1660243790.864917,107.0
1660243790.884849,104.7
1660243790.904796,107.6
1660243790.92491,106.9
1660243790.944911,106.6
1660243790.964772,106.4
1660243790.984766,106.3
1660243791.004764,106.6
1660243791.024764,105.9
1660243791.044714,106.3
1660243791.064721,107.2
1660243791.084668,106.4
1660243791.104731,106.3
1660243791.124674,107.2
1660243791.144664,107.0
1660243791.164669,106.4
1660243791.184664,106.1
1660243791.204559,106.5
1660243791.22461,107.4
1660243791.244559,107.5
1660243791.264556,108.1
1660243791.284554,105.6
1660243791.304554,106.4
1660243791.324556,106.8
1660243791.344562,106.5
1660243791.364456,106.7
1660243791.384467,106.5
1660243791.404471,106.1
1660243791.424449,106.5
1660243791.444441,106.3
1660243791.46446,107.4
1660243791.4845,107.4
1660243791.5045,106.9
1660243791.524431,106.2
1660243791.544431,106.2
1660243791.564406,106.8
1660243791.584381,106.3
1660243791.6044,106.6
1660243791.624365,112.6
1660243791.6444,107.9
1660243791.664418,107.8
1660243791.684427,106.7
1660243791.704387,106.6
1660243791.724382,107.4
1660243791.744352,107.3
1660243791.764258,107.4
1660243791.784314,107.1
1660243791.804264,106.7
1660243791.824254,107.2
1660243791.844257,106.4
1660243791.864263,106.0
1660243791.884308,106.4
1660243791.904155,106.4
1660243791.924214,106.5
1660243791.944317,106.6
1660243791.96417,107.9
1660243791.984212,106.1
1660243792.004262,106.3
1660243792.024284,106.3
1660243792.044059,106.0
1660243792.064114,106.7
1660243792.084159,106.4
1660243792.104106,107.0
1660243792.12411,109.1
1660243792.144061,105.9
1660243792.165021,106.3
1660243792.184962,106.2
1660243792.205001,106.7
1660243792.225051,106.3
1660243792.244887,106.1
1660243792.264893,106.3
1660243792.284966,106.9
1660243792.305018,106.4
1660243792.324919,106.8
1660243792.344981,106.4
1660243792.364963,105.8
1660243792.384941,105.9
1660243792.40479,105.8
1660243792.424806,107.0
1660243792.444806,106.5
1660243792.464842,107.1
1660243792.48479,106.9
1660243792.504808,106.6
1660243792.524756,106.3
1660243792.54474,106.1
1660243792.564695,106.3
1660243792.584768,105.2
1660243792.60469,106.4
1660243792.624711,106.6
1660243792.644602,106.2
1660243792.664682,107.0
1660243792.6846,106.3
1660243792.704592,106.1
1660243792.724661,106.1
1660243792.744699,106.3
1660243792.764587,107.0
1660243792.78451,107.6
1660243792.804493,106.7
1660243792.824575,108.8
1660243792.844506,107.9
1660243792.864591,107.9
1660243792.8846,106.4
1660243792.904604,108.8
1660243792.924464,105.9
1660243792.94445,105.7
1660243792.964404,106.8
1660243792.984406,106.3
1660243793.004461,106.1
1660243793.024483,106.3
1660243793.044347,106.0
1660243793.064346,107.0
1660243793.084343,106.7
1660243793.104311,107.1
1660243793.124295,107.1
1660243793.1444,106.7
1660243793.164395,106.6
1660243793.184297,106.3
1660243793.204327,106.3
1660243793.224371,106.4
1660243793.244206,105.2
1660243793.264296,106.6
1660243793.284421,106.8
1660243793.304267,107.0
1660243793.324212,106.5
1660243793.344193,106.2
1660243793.364199,106.9
1660243793.384201,106.7
1660243793.404198,106.5
1660243793.424167,106.3
1660243793.444157,105.7
1660243793.464111,106.8
1660243793.484227,107.3
1660243793.504208,107.0
1660243793.524126,106.8
1660243793.544058,106.6
1660243793.564071,107.6
1660243793.585103,106.6
1660243793.604106,106.3
1660243793.62402,106.5
1660243793.644121,105.3
1660243793.665079,106.3
1660243793.685008,105.8
1660243793.705072,106.8
1660243793.724075,106.7
1660243793.74402,106.9
1660243793.764072,107.3
1660243793.784999,106.9
1660243793.805033,106.9
1660243793.825073,108.0
1660243793.844019,106.9
1660243793.864024,106.6
1660243793.885084,106.7
1660243793.90504,107.3
1660243793.925002,107.8
1660243793.944978,106.7
1660243793.964859,106.6
1660243793.984916,106.9
1660243794.004862,107.1
1660243794.02489,107.6
1660243794.044869,106.7
1660243794.06477,108.1
1660243794.084788,107.8
1660243794.104811,106.8
1660243794.124741,107.4
1660243794.144883,109.2
1660243794.164833,107.6
1660243794.184661,106.8
1660243794.20477,106.4
1660243794.22478,107.6
1660243794.244651,107.5
1660243794.264759,106.7
1660243794.28455,107.6
1660243794.304621,109.0
1660243794.324577,106.8
1660243794.344578,107.0
1660243794.364576,106.6
1660243794.384618,108.0
1660243794.404564,107.5
1660243794.424576,106.8
1660243794.444559,106.7
1660243794.464464,107.0
1660243794.484523,106.5
1660243794.504459,106.8
1660243794.524454,108.4
1660243794.544507,105.9
1660243794.564402,106.8
1660243794.584355,106.5
1660243794.604407,107.3
1660243794.624403,106.8
1660243794.644355,107.1
1660243794.664358,106.4
1660243794.684256,109.3
1660243794.704371,109.6
1660243794.724264,106.8
1660243794.744256,108.1
1660243794.764321,107.6
1660243794.784328,107.5
1660243794.804254,110.0
1660243794.824414,106.6
1660243794.844265,107.3
1660243794.864155,107.6
1660243794.88415,107.1
1660243794.904151,109.0
1660243794.924179,107.4
1660243794.944251,106.6
1660243794.964072,107.8
1660243794.984161,107.6
1660243795.004165,107.0
1660243795.024066,107.6
1660243795.045066,106.3
1660243795.064123,107.1
1660243795.08406,108.2
1660243795.104079,108.1
1660243795.124065,107.1
1660243795.145129,106.6
1660243795.165082,106.8
1660243795.185133,107.7
1660243795.204068,107.7
1660243795.224065,106.4
1660243795.244074,106.9
1660243795.26505,108.1
1660243795.285028,107.6
1660243795.303905,107.2
1660243795.323901,109.3
1660243795.343899,106.3
1660243795.364913,107.3
1660243795.384911,109.2
1660243795.403926,106.2
1660243795.423916,107.1
1660243795.443943,106.1
1660243795.46392,107.4
1660243795.484914,107.7
1660243795.504908,108.6
1660243795.524823,106.8
1660243795.544922,106.7
1660243795.564826,106.7
1660243795.584836,108.1
1660243795.604802,107.4
1660243795.624823,107.8
1660243795.644805,106.1
1660243795.664716,106.5
1660243795.684826,107.4
1660243795.704786,107.5
1660243795.724601,108.3
1660243795.744717,106.6
1660243795.764641,109.0
1660243795.784599,110.5
1660243795.8046,106.6
1660243795.824646,107.1
1660243795.844604,107.6
1660243795.864603,106.8
1660243795.88449,109.1
1660243795.904562,107.1
1660243795.924513,108.8
1660243795.944506,106.3
1660243795.964511,108.6
1660243795.984564,108.2
1660243796.004517,107.7
1660243796.024417,108.3
1660243796.044421,106.8
1660243796.064431,107.0
1660243796.084477,107.5
1660243796.10447,108.9
1660243796.124418,106.8
1660243796.144317,107.0
1660243796.164364,106.7
1660243796.184314,108.0
1660243796.204375,107.5
1660243796.224364,107.3
1660243796.24433,107.1
1660243796.304324,111.1
1660243796.324311,106.5
1660243796.34434,107.9
1660243796.364222,107.7
1660243796.384207,107.1
1660243796.404208,106.4
1660243796.42423,107.1
1660243796.444288,107.0
1660243796.464267,106.6
1660243796.484222,106.9
1660243796.504239,107.3
1660243796.524208,106.9
1660243796.544246,108.5
1660243796.564144,106.2
1660243796.584188,107.7
1660243796.604167,108.8
1660243796.624124,106.8
1660243796.644143,106.9
1660243796.664131,106.3
1660243796.684104,107.0
1660243796.704108,106.6
1660243796.724154,106.9
1660243796.744127,106.8
1660243796.764202,108.3
1660243796.784127,106.5
1660243796.804103,106.7
1660243796.824149,108.1
1660243796.844182,106.6
1660243796.864124,107.3
1660243796.883961,106.8
1660243796.904015,107.0
1660243796.924084,106.9
1660243796.944035,107.2
1660243796.963957,107.2
1660243796.984867,107.0
1660243797.003992,106.3
1660243797.02392,108.0
1660243797.043853,106.6
1660243797.063862,106.8
1660243797.084964,108.1
1660243797.104862,106.6
1660243797.124867,107.8
1660243797.144864,106.4
1660243797.163862,107.4
1660243797.184784,106.7
1660243797.204931,106.6
1660243797.224795,107.7
1660243797.244986,106.6
1660243797.264893,106.7
1660243797.28493,106.4
1660243797.304853,107.2
1660243797.324778,107.3
1660243797.344656,107.0
1660243797.364674,106.6
1660243797.384733,107.2
1660243797.404764,107.0
1660243797.424743,106.8
1660243797.444672,106.6
1660243797.464722,106.9
1660243797.484771,107.7
1660243797.504687,106.3
1660243797.524786,106.9
1660243797.544782,106.9
1660243797.564606,108.9
1660243797.584758,107.8
1660243797.604687,107.6
1660243797.624696,106.3
1660243797.644734,106.5
1660243797.664598,107.0
1660243797.684642,107.4
1660243797.704643,106.9
1660243797.724646,107.2
1660243797.744587,108.4
1660243797.764583,106.9
1660243797.784593,107.1
1660243797.804628,108.5
1660243797.824489,107.5
1660243797.844485,106.5
1660243797.864579,107.5
1660243797.884528,107.8
1660243797.904474,106.7
1660243797.924578,107.4
1660243797.944599,106.8
1660243797.964478,107.3
1660243797.984574,106.6
1660243798.004439,108.6
1660243798.02438,109.3
1660243798.044371,107.1
1660243798.064379,107.3
1660243798.084376,108.8
1660243798.104362,106.2
1660243798.124366,107.5
1660243798.144411,107.4
1660243798.164532,106.8
1660243798.184397,108.0
1660243798.204267,106.3
1660243798.224265,107.8
1660243798.244272,107.3
1660243798.264383,106.4
1660243798.284261,107.0
1660243798.304166,106.9
1660243798.324179,107.4
1660243798.344191,106.9
1660243798.364201,108.9
1660243798.384172,119.5
1660243798.404167,118.8
1660243798.424174,117.9
1660243798.444042,114.6
1660243798.464115,116.3
1660243798.484184,114.7
1660243798.504186,115.2
1660243798.524022,123.6
1660243798.544024,128.8
1660243798.564051,124.6
1660243798.584026,122.6
1660243798.604042,122.9
1660243798.624039,121.6
1660243798.643927,123.2
1660243798.663934,121.7
1660243798.683938,122.9
1660243798.703922,121.6
1660243798.72393,122.8
1660243798.743939,122.2
1660243798.765,124.6
1660243798.784926,124.2
1660243798.804825,124.4
1660243798.823829,122.2
1660243798.84386,122.4
1660243798.863833,125.3
1660243798.883832,125.4
1660243798.904837,124.0
1660243798.92473,123.0
1660243798.944878,123.7
1660243798.963837,121.2
1660243798.983898,125.4
1660243799.00489,124.9
1660243799.024752,129.3
1660243799.044814,124.2
1660243799.064765,125.2
1660243799.08477,127.1
1660243799.104729,122.9
1660243799.124763,123.2
1660243799.144722,121.1
1660243799.164869,124.3
1660243799.184788,121.4
1660243799.204644,123.8
1660243799.22473,123.2
1660243799.24464,122.8
1660243799.264636,130.8
1660243799.284622,122.8
1660243799.304635,124.2
1660243799.324639,124.2
1660243799.344628,124.8
1660243799.364637,124.1
1660243799.384542,124.2
1660243799.404556,123.8
1660243799.42453,123.1
1660243799.444614,121.5
1660243799.46459,125.1
1660243799.484537,125.2
1660243799.504542,123.7
1660243799.52444,125.2
1660243799.544444,123.9
1660243799.564517,117.0
1660243799.584517,112.3
1660243799.604542,117.2
1660243799.624446,116.0
1660243799.644499,116.2
1660243799.664467,118.2
1660243799.684428,117.7
1660243799.704393,118.1
1660243799.72448,116.5
1660243799.74439,118.6
1660243799.764336,118.2
1660243799.784339,116.0
1660243799.804269,118.2
1660243799.824351,115.7
1660243799.844431,117.1
1660243799.864327,118.0
1660243799.88431,117.2
1660243799.904276,117.2
1660243799.924227,117.1
1660243799.944242,116.7
1660243799.964302,116.1
1660243799.98428,116.7
1660243800.004308,117.7
1660243800.024227,117.1
1660243800.044306,115.7
1660243800.064237,117.8
1660243800.084323,115.0
1660243800.104264,118.2
1660243800.124334,117.5
1660243800.144324,116.6
1660243800.164262,107.5
1660243800.184136,105.3
1660243800.204078,105.6
1660243800.224154,106.9
1660243800.244122,105.6
1660243800.264105,106.7
1660243800.28408,105.8
1660243800.304154,106.0
1660243800.324052,106.6
1660243800.343978,105.0
1660243800.363987,107.5
1660243800.384028,106.5
1660243800.403984,106.1
1660243800.42399,105.8
1660243800.443961,106.4
1660243800.464004,105.0
1660243800.483978,107.3
1660243800.503908,106.4
1660243800.523963,106.4
1660243800.543972,105.4
1660243800.56393,107.2
1660243800.583924,106.5
1660243800.603868,105.4
1660243800.623883,106.7
1660243800.64391,105.3
1660243800.66387,106.7
1660243800.683891,104.9
1660243800.704878,107.3
1660243800.724808,106.4
1660243800.744826,105.9
1660243800.763815,106.4
1660243800.783851,106.4
1660243800.803855,106.4
1660243800.824828,106.6
1660243800.844856,106.5
1660243800.864788,105.0
1660243800.924688,106.3
1660243800.944686,106.7
1660243800.964693,106.1
1660243800.98469,106.5
1660243801.004688,105.5
1660243801.024698,106.7
1660243801.044707,106.3
1660243801.064694,105.9
1660243801.084693,107.8
1660243801.104605,106.4
1660243801.124622,107.0
1660243801.144596,106.5
1660243801.164591,106.8
1660243801.184664,106.7
1660243801.204647,106.4
1660243801.224599,106.7
1660243801.244541,106.3
1660243801.2645,106.5
1660243801.284573,106.6
1660243801.304513,106.7
1660243801.324495,106.6
1660243801.344512,109.7
1660243801.364528,106.2
1660243801.384559,105.9
1660243801.404541,107.1
1660243801.42451,108.1
1660243801.4445,106.0
1660243801.46442,106.3
1660243801.48442,105.9
1660243801.504399,106.7
1660243801.524401,105.7
1660243801.5444,105.6
1660243801.564486,107.1
1660243801.584422,106.6
1660243801.604403,105.7
1660243801.624388,106.4
1660243801.644307,104.8
1660243801.664305,107.2
1660243801.684293,106.9
1660243801.704353,106.7
1660243801.724372,106.6
1660243801.744433,106.6
1660243801.764314,106.7
1660243801.78431,107.4
1660243801.804319,107.1
1660243801.824317,106.6
1660243801.844315,106.2
1660243801.864337,106.3
1660243801.884311,106.3
1660243801.904328,106.3
1660243801.924154,105.7
1660243801.944318,106.8
1660243801.964315,104.2
1660243801.984196,107.4
1660243802.004142,106.1
1660243802.024242,105.4
1660243802.044209,106.3
1660243802.064198,106.3
1660243802.084184,106.7
1660243802.104045,106.2
1660243802.124076,106.5
1660243802.14408,105.7
1660243802.164052,107.3
1660243802.184082,105.9
1660243802.204124,105.7
1660243802.224043,106.3
1660243802.244091,104.7
1660243802.264058,107.3
1660243802.284061,106.4
1660243802.304062,105.5
1660243802.364006,107.0
1660243802.383952,106.3
1660243802.403943,106.4
1660243802.423927,109.5
1660243802.443964,123.0
1660243802.463881,119.8
1660243802.483873,117.6
1660243802.503842,118.7
1660243802.523985,118.1
1660243802.54385,117.8
1660243802.563846,118.6
1660243802.583906,118.3
1660243802.603865,118.0
1660243802.623902,118.6
1660243802.643908,115.2
1660243802.663856,125.7
1660243802.683741,124.5
1660243802.703788,128.4
1660243802.724792,126.0
1660243802.744808,126.3
1660243802.764792,126.3
1660243802.783783,126.3
1660243802.803777,124.3
1660243802.824763,126.4
1660243802.844682,124.3
1660243802.864653,125.2
1660243802.884655,124.4
1660243802.904664,125.0
1660243802.923658,125.0
1660243802.944682,124.9
1660243802.96473,125.0
1660243802.984721,127.1
1660243803.004551,124.1
1660243803.024628,124.2
1660243803.044553,123.8
1660243803.064561,125.0
1660243803.084637,126.2
1660243803.104616,124.9
1660243803.124561,115.0
1660243803.14456,114.8
1660243803.164662,116.6
1660243803.18456,116.6
1660243803.20456,115.2
1660243803.224608,117.8
1660243803.244667,115.7
1660243803.264651,115.3
1660243803.284593,118.2
1660243803.304584,115.3
1660243803.324572,118.3
1660243803.344476,116.3
1660243803.364475,116.6
1660243803.384525,116.3
1660243803.404469,115.8
1660243803.424479,115.9
1660243803.444471,116.5
1660243803.464534,116.9
1660243803.484473,116.6
1660243803.504482,116.7
1660243803.524368,116.8
1660243803.544351,117.4
1660243803.564366,115.5
1660243803.584366,115.7
1660243803.604423,116.5
1660243803.624397,116.2
1660243803.644386,115.9
1660243803.664353,117.9
1660243803.684386,116.1
1660243803.704376,118.0
1660243803.724351,116.4
1660243803.744378,117.9
1660243803.76439,117.9
1660243803.784389,117.6
1660243803.804416,115.9
1660243803.824371,118.2
1660243803.844433,116.3
1660243803.864508,116.1
1660243803.884431,115.8
1660243803.904403,117.9
1660243803.924302,115.1
1660243803.94438,118.6
1660243803.964364,115.7
1660243803.984387,115.4
1660243804.004482,116.9
1660243804.02437,115.8
1660243804.044492,116.0
1660243804.06423,116.2
1660243804.084204,116.4
1660243804.104208,117.4
1660243804.124223,116.2
1660243804.144216,115.8
1660243804.164209,116.8
1660243804.184234,116.6
1660243804.204245,117.0
1660243804.224231,117.8
1660243804.244131,114.2
1660243804.26413,122.1
1660243804.284124,119.5
1660243804.304133,112.7
1660243804.324135,118.7
1660243804.344182,114.6
1660243804.36415,116.5
1660243804.384135,117.2
1660243804.404134,114.7
1660243804.424138,115.1
1660243804.444028,117.0
1660243804.464032,114.5
1660243804.484047,116.5
1660243804.504037,116.5
1660243804.524032,116.1
1660243804.544044,115.6
1660243804.564047,115.5
1660243804.584053,118.0
1660243804.603947,117.2
1660243804.62393,118.6
1660243804.643914,125.4
1660243804.663962,119.5
1660243804.683924,117.9
1660243804.703924,117.0
1660243804.723946,118.8
1660243804.743824,129.7
1660243804.763815,133.6
1660243804.783843,124.9
1660243804.803832,109.4
1660243804.823818,122.8
1660243804.843721,125.1
1660243804.86475,114.8
1660243804.884751,119.3
1660243804.903717,120.9
1660243804.923762,116.7
1660243804.943739,106.4
1660243804.963728,110.0
1660243804.984638,123.6
1660243805.004669,108.7
1660243805.02466,104.9
1660243805.044638,120.2
1660243805.06364,108.5
1660243805.084642,112.9
1660243805.104642,110.4
1660243805.124645,104.5
1660243805.144652,106.7
1660243805.164646,107.2
1660243805.184538,113.1
1660243805.204571,105.8
1660243805.224531,108.9
1660243805.244533,125.2
1660243805.264544,122.6
1660243805.284535,102.9
1660243805.304432,110.1
1660243805.324415,120.6
1660243805.344443,111.9
1660243805.364416,111.6
1660243805.384435,106.0
1660243805.404416,111.0
1660243805.424454,119.3
1660243805.444432,105.7
1660243805.464456,102.2
1660243805.48437,107.9
1660243805.504364,106.3
1660243805.524368,106.8
1660243805.544375,106.7
1660243805.56428,106.6
1660243805.584285,106.7
1660243805.604288,106.4
1660243805.624296,105.9
1660243805.644352,116.8
1660243805.664352,111.3
1660243805.684283,101.5
1660243805.704277,107.2
1660243805.724298,106.3
1660243805.744286,106.9
1660243805.76428,106.8
1660243805.784171,106.7
1660243805.804196,106.9
1660243805.824183,108.2
1660243805.844221,107.2
1660243805.8642,111.2
1660243805.884297,105.3
1660243805.904249,108.4
1660243805.924186,106.8
1660243805.944181,106.6
1660243805.964197,106.6
1660243805.984136,106.7
1660243806.00408,106.3
1660243806.024084,109.0
1660243806.044145,111.7
1660243806.064074,106.6
1660243806.084096,106.9
1660243806.104106,106.6
1660243806.124081,106.3
1660243806.144091,107.1
1660243806.163976,106.4
1660243806.183986,106.7
1660243806.203991,106.6
1660243806.224,106.7
1660243806.244018,106.9
1660243806.263969,107.1
1660243806.283915,106.8
1660243806.303984,106.8
1660243806.323987,106.2
1660243806.343892,107.0
1660243806.36392,108.1
1660243806.383879,107.7
1660243806.403866,106.8
1660243806.423883,106.4
1660243806.443883,106.7
1660243806.463878,106.6
1660243806.483773,106.4
1660243806.503873,104.8
1660243806.523788,107.1
1660243806.543782,106.7
1660243806.563773,107.3
1660243806.583793,107.2
1660243806.603858,106.7
1660243806.623698,106.1
1660243806.643717,106.9
1660243806.663698,104.6
1660243806.684683,107.3
1660243806.703758,106.7
1660243806.723692,106.3
1660243806.743699,106.2
1660243806.7637,106.8
1660243806.784669,106.8
1660243806.804682,109.7
1660243806.824695,122.3
1660243806.843698,118.8
1660243806.863583,111.7
1660243806.88463,115.6
1660243806.904589,112.5
1660243806.924585,117.9
1660243806.944577,112.4
1660243806.964586,114.6
1660243806.98448,113.9
1660243807.00446,118.5
1660243807.024488,112.3
1660243807.044521,115.5
1660243807.06448,113.3
1660243807.08451,113.9
1660243807.104492,115.0
1660243807.124516,114.4
1660243807.144496,116.3
1660243807.164414,112.9
1660243807.184424,114.5
1660243807.204483,114.6
1660243807.224421,114.5
1660243807.244346,118.2
1660243807.264369,124.7
1660243807.284351,117.7
1660243807.304345,111.4
1660243807.324325,113.6
1660243807.344332,115.7
1660243807.364376,114.6
1660243807.384332,114.3
1660243807.404326,115.3
1660243807.424308,113.7
1660243807.444382,114.1
1660243807.464228,114.7
1660243807.484134,114.9
1660243807.504206,113.9
1660243807.524184,114.9
1660243807.544156,113.3
1660243807.564051,114.8
1660243807.584036,114.5
1660243807.604035,114.9
1660243807.624024,116.2
1660243807.644043,112.7
1660243807.663955,118.3
1660243807.684047,117.4
1660243807.704038,116.8
1660243807.724038,118.1
1660243807.744024,117.5
1660243807.764038,117.6
1660243807.783907,112.5
1660243807.803929,105.7
1660243807.823958,108.4
1660243807.843965,127.2
1660243807.863935,121.8
1660243807.883987,110.2
1660243807.903858,114.0
1660243807.923929,117.5
1660243807.943969,112.6
1660243807.963932,119.2
1660243807.983833,119.0
1660243808.003834,114.4
1660243808.023841,115.4
1660243808.04398,115.9
1660243808.063854,115.4
1660243808.083724,114.1
1660243808.103722,117.4
1660243808.123784,114.4
1660243808.14374,114.5
1660243808.163724,115.5
1660243808.183791,115.2
1660243808.203741,116.2
1660243808.223738,118.7
1660243808.243801,123.2
1660243808.263745,116.2
1660243808.284671,117.0
1660243808.30365,118.3
1660243808.323639,117.7
1660243808.343629,117.6
1660243808.363655,105.9
1660243808.384649,105.9
1660243808.404654,117.7
1660243808.424542,124.1
1660243808.444527,116.4
1660243808.464534,117.1
1660243808.484545,118.6
1660243808.50455,118.8
1660243808.524544,114.1
1660243808.54455,104.0
1660243808.564573,105.3
1660243808.584542,107.2
1660243808.604526,107.7
1660243808.624546,107.1
1660243808.644561,107.4
1660243808.664555,117.4
1660243808.684607,118.8
1660243808.704387,113.3
1660243808.724374,115.0
1660243808.744396,114.2
1660243808.764397,116.8
1660243808.784386,115.7
1660243808.804365,118.6
1660243808.824316,114.4
1660243808.844288,117.5
1660243808.864275,114.6
1660243808.88429,115.0
1660243808.904273,116.1
1660243808.924159,114.3
1660243808.944173,116.8
1660243808.964183,114.5
1660243808.984185,115.2
1660243809.004208,115.3
1660243809.024088,116.0
1660243809.044065,118.9
1660243809.064075,118.6
1660243809.08406,117.9
1660243809.104067,117.7
1660243809.124067,108.4
1660243809.144067,115.6
1660243809.163979,119.0
1660243809.18399,113.2
1660243809.204,113.1
1660243809.223993,114.8
1660243809.243985,118.5
1660243809.26398,113.4
1660243809.283884,118.6
1660243809.303888,125.9
1660243809.323873,123.3
1660243809.343881,122.9
1660243809.363893,117.7
1660243809.383885,115.0
1660243809.403888,118.0
1660243809.423881,116.4
1660243809.443883,118.1
1660243809.463774,113.2
1660243809.48378,105.2
1660243809.503782,104.6
1660243809.523788,107.7
1660243809.543776,106.7
1660243809.56377,106.2
1660243809.583676,105.5
1660243809.60366,107.1
1660243809.623662,106.5
1660243809.643689,105.4
1660243809.663685,106.9
1660243809.683686,106.4
1660243809.703674,105.7
1660243809.72357,105.7
1660243809.744595,107.1
1660243809.764619,108.7
1660243809.784581,114.4
1660243809.804575,107.6
1660243809.824576,105.0
1660243809.844581,110.6
1660243809.864513,110.8
1660243809.884504,103.6
1660243809.904512,107.2
1660243809.924521,106.5
1660243809.944604,106.9
1660243809.964566,106.5
1660243809.984508,105.6
1660243810.004574,106.6
1660243810.024426,104.5
1660243810.044412,110.7
1660243810.064416,106.9
1660243810.084426,106.5
1660243810.104422,106.9
1660243810.124428,106.7
1660243810.14442,106.9
1660243810.164399,107.8
1660243810.224328,106.9
1660243810.244324,106.8
1660243810.264329,107.1
1660243810.28434,106.9
1660243810.30433,107.1
1660243810.324332,106.7
1660243810.344346,107.0
1660243810.364346,115.0
1660243810.38436,107.0
1660243810.404227,105.4
1660243810.424235,105.7
1660243810.444222,106.7
1660243810.464154,105.7
1660243810.484131,107.2
1660243810.504125,105.3
1660243810.524157,106.2
1660243810.544129,108.0
1660243810.564114,105.8
1660243810.584132,105.8
1660243810.60411,106.3
1660243810.624175,107.8
1660243810.644028,106.3
1660243810.66402,106.3
1660243810.684033,105.0
1660243810.704037,107.4
1660243810.724045,106.5
1660243810.744026,106.9
1660243810.763919,109.6
1660243810.783939,108.8
1660243810.803917,107.7
1660243810.823926,106.6
1660243810.843866,106.2
1660243810.863862,106.4
1660243810.883837,106.4
1660243810.90384,106.8
1660243810.923833,106.0
1660243810.943832,106.7
1660243810.963832,106.5
1660243810.983786,105.5
1660243811.00374,106.9
1660243811.023733,106.7
1660243811.043738,106.6
1660243811.063763,106.8
1660243811.083749,106.9
1660243811.103757,106.6
1660243811.123754,106.5
1660243811.14375,106.8
1660243811.163654,106.2
1660243811.183654,105.6
1660243811.204641,106.9
1660243811.224628,105.5
1660243811.243643,106.3
1660243811.264626,106.9
1660243811.284629,106.0
1660243811.304655,106.6
1660243811.324626,109.5
1660243811.343625,116.8
1660243811.363616,105.4
1660243811.384478,103.4
1660243811.404513,114.7
1660243811.424485,113.7
1660243811.444521,102.1
1660243811.464474,106.6
1660243811.48451,106.7
1660243811.50449,107.4
1660243811.524474,108.9
1660243811.544482,107.2
1660243811.56449,106.3
1660243811.584476,106.3
1660243811.604484,106.7
1660243811.624479,110.3
1660243811.644472,108.4
1660243811.664456,112.2
1660243811.684488,104.6
1660243811.704403,105.2
1660243811.724432,106.8
1660243811.744378,106.5
1660243811.764388,106.7
1660243811.784404,105.8
1660243811.804402,105.7
1660243811.824283,107.2
1660243811.84427,106.2
1660243811.864276,106.3
1660243811.88428,106.5
1660243811.904285,106.6
1660243811.924308,106.3
1660243811.944302,105.9
1660243811.964294,106.8
1660243811.984285,106.4
1660243812.00429,106.5
1660243812.024282,105.5
1660243812.044179,106.9
1660243812.064192,106.8
1660243812.084192,106.3
1660243812.104185,107.2
1660243812.124189,107.2
1660243812.144192,106.9
1660243812.164189,106.5
1660243812.184185,112.7
1660243812.204189,112.0
1660243812.224117,103.9
1660243812.244089,105.2
1660243812.264106,106.0
1660243812.28412,106.0
1660243812.304103,106.7
1660243812.324094,105.6
1660243812.34413,106.4
1660243812.364021,106.4
1660243812.383988,106.2
1660243812.403973,105.9
1660243812.423993,106.0
1660243812.443972,106.1
1660243812.46399,110.6
1660243812.483998,130.5
1660243812.504038,117.3
1660243812.523991,99.0
1660243812.543989,104.6
1660243812.564108,107.5
1660243812.584007,118.9
1660243812.603993,131.3
1660243812.623967,110.4
1660243812.643892,98.3
1660243812.663898,104.7
1660243812.683889,108.1
1660243812.704004,107.5
1660243812.724009,105.8
1660243812.743899,106.4
1660243812.763922,106.3
1660243812.783899,106.4
1660243812.803946,106.4
1660243812.823916,106.3
1660243812.843795,106.1
1660243812.863916,106.2
1660243812.883859,105.4
1660243812.903804,107.4
1660243812.92383,106.7
1660243812.943805,106.6
1660243812.963777,106.3
1660243812.983727,106.3
1660243813.003686,106.9
1660243813.023706,106.1
1660243813.043739,106.2
1660243813.06378,105.4
1660243813.084689,105.4
1660243813.10362,106.6
1660243813.12374,106.3
1660243813.14364,106.0
1660243813.163628,106.6
1660243813.184562,105.2
1660243813.203593,106.9
1660243813.223539,105.6
1660243813.243548,105.1
1660243813.263666,106.3
1660243813.283601,104.9
1660243813.304448,106.7
1660243813.32444,106.3
1660243813.344558,104.3
1660243813.36446,107.3
1660243813.384444,106.4
1660243813.404431,105.7
1660243813.42443,106.5
1660243813.44447,105.7
1660243813.464464,105.7
1660243813.484485,106.6
1660243813.504352,106.3
1660243813.524456,106.3
1660243813.544404,105.7
1660243813.564352,106.3
1660243813.584468,105.2
1660243813.604458,106.4
1660243813.624368,104.5
1660243813.644368,105.9
1660243813.664414,105.3
1660243813.684396,105.7
1660243813.704378,106.0
1660243813.724428,105.9
1660243813.744362,107.3
1660243813.764375,107.7
1660243813.784436,107.8
1660243813.804354,108.6
1660243813.824373,105.8
1660243813.844446,106.0
1660243813.864358,104.6
1660243813.884362,106.0
1660243813.904273,106.3
1660243813.924333,106.3
1660243813.944288,105.8
1660243813.964255,106.7
1660243813.984238,104.1
1660243814.004304,107.3
1660243814.024254,104.8
1660243814.044281,107.2
1660243814.064241,105.7
1660243814.08428,105.6
1660243814.104158,107.1
1660243814.124142,106.7
1660243814.144147,106.4
1660243814.164164,106.5
1660243814.18417,108.3
1660243814.204062,107.4
1660243814.22406,106.4
1660243814.24409,106.0
1660243814.264059,106.4
1660243814.284056,106.1
1660243814.30405,105.8
1660243814.323952,106.1
1660243814.343948,105.6
1660243814.363945,106.5
1660243814.383956,106.7
1660243814.403847,118.6
1660243814.423852,115.3
1660243814.443854,99.7
1660243814.463873,105.8
1660243814.483862,106.6
1660243814.503878,105.0
1660243814.52385,106.5
1660243814.543971,105.0
1660243814.563896,106.6
1660243814.58387,105.6
1660243814.603759,105.6
1660243814.623775,105.9
1660243814.643774,105.1
1660243814.663747,106.3
1660243814.68378,103.8
1660243814.703759,108.5
1660243814.723789,120.3
1660243814.743757,110.5
1660243814.763747,101.0
1660243814.783785,106.4
1660243814.803636,106.8
1660243814.823686,105.2
1660243814.84357,106.1
1660243814.863594,104.8
1660243814.883656,106.6
1660243814.903597,104.8
1660243814.923489,107.4
1660243814.943503,106.4
1660243814.963508,106.3
1660243814.983508,106.1
1660243815.004549,106.5
1660243815.024495,105.9
1660243815.043518,105.6
1660243815.063515,106.6
1660243815.083502,105.4
1660243815.104482,105.9
1660243815.124395,105.2
1660243815.144408,106.2
1660243815.164437,106.2
1660243815.184461,105.6
1660243815.204467,106.4
1660243815.224371,104.6
1660243815.244315,106.8
1660243815.264343,104.7
1660243815.284387,106.9
1660243815.304436,105.3
1660243815.324303,106.3
1660243815.344227,106.0
1660243815.364213,106.7
1660243815.384206,106.5
1660243815.404183,105.9
1660243815.424125,105.6
1660243815.444209,106.8
1660243815.464118,105.8
1660243815.484104,105.9
1660243815.504112,106.3
1660243815.524106,105.0
1660243815.544102,106.9
1660243815.564125,106.1
1660243815.584099,106.3
1660243815.604134,106.3
1660243815.624057,105.6
1660243815.644131,105.7
1660243815.664057,106.4
1660243815.684198,104.7
1660243815.704164,105.9
1660243815.724095,105.7
1660243815.744021,104.8
1660243815.764054,107.2
1660243815.78406,106.3
1660243815.804025,105.5
1660243815.823891,106.8
1660243815.84389,105.7
1660243815.863906,106.1
1660243815.883925,106.0
1660243815.903898,106.2
1660243815.92392,106.3
1660243815.943807,105.3
1660243815.963814,106.7
1660243815.983786,103.8
1660243816.003801,106.7
1660243816.023781,105.6
1660243816.043826,105.5
1660243816.063821,105.9
1660243816.08386,106.3
1660243816.10379,104.7
1660243816.123793,106.4
1660243816.143729,106.0
1660243816.163639,105.8
1660243816.183636,106.8
1660243816.203642,106.1
1660243816.223654,106.3
1660243816.243704,105.1
1660243816.263546,106.3
1660243816.28357,104.8
1660243816.303581,107.0
1660243816.323546,105.9
1660243816.343527,105.2
1660243816.36363,106.1
1660243816.383551,105.8
1660243816.403524,105.5
1660243816.423483,107.0
1660243816.443479,105.6
1660243816.463453,106.1
1660243816.484482,104.8
1660243816.504467,105.8
1660243816.523508,105.5
1660243816.54453,106.4
1660243816.563438,106.0
1660243816.583568,106.3
1660243816.604444,106.3
1660243816.624343,106.8
1660243816.644496,106.5
1660243816.664349,105.9
1660243816.684353,106.4
1660243816.704417,105.8
1660243816.72435,106.8
1660243816.744362,105.8
1660243816.764255,107.1
1660243816.784279,107.5
1660243816.804254,109.2
1660243816.824259,108.3
1660243816.844202,106.3
1660243816.864151,106.5
1660243816.88415,106.6
1660243816.904154,106.4
1660243816.924158,106.6
1660243816.944175,106.7
1660243816.964177,107.0
1660243816.984082,106.6
1660243817.004054,106.8
1660243817.024078,106.5
1660243817.043979,107.1
1660243817.063975,106.1
1660243817.084022,106.6
1660243817.10396,106.6
1660243817.123953,107.1
1660243817.143984,107.5
1660243817.164009,119.2
1660243817.18393,117.8
1660243817.203858,113.1
1660243817.223835,115.1
1660243817.243908,113.6
1660243817.263862,116.4
1660243817.283906,113.7
1660243817.303933,114.9
1660243817.323891,115.0
1660243817.343864,114.3
1660243817.363919,115.7
1660243817.383858,113.9
1660243817.403854,118.1
1660243817.423847,116.6
1660243817.443692,117.1
1660243817.463686,116.8
1660243817.483743,114.6
1660243817.503722,103.8
1660243817.523685,104.8
1660243817.54369,106.9
1660243817.563683,106.7
1660243817.58358,106.3
1660243817.603586,106.1
1660243817.623595,106.3
1660243817.64362,106.3
1660243817.663598,106.3
1660243817.683591,106.7
1660243817.703595,106.8
1660243817.723596,106.7
1660243817.743635,107.5
1660243817.763607,106.4
1660243817.783653,106.6
1660243817.80357,106.0
1660243817.823542,106.6
1660243817.843498,106.5
1660243817.863489,106.0
1660243817.88351,106.9
1660243817.903465,107.3
1660243817.923383,106.3
1660243817.943394,106.2
1660243817.963398,105.9
1660243817.984398,106.1
1660243818.004344,106.4
1660243818.024364,106.6
1660243818.044356,107.2
1660243818.064378,106.9
1660243818.084294,107.8
1660243818.104287,107.1
1660243818.12435,106.8
1660243818.144346,106.7
1660243818.164329,106.7
1660243818.184278,106.5
1660243818.204188,106.6
1660243818.224223,107.1
1660243818.244182,106.3
1660243818.264204,106.6
1660243818.284216,106.1
1660243818.304207,106.3
1660243818.3242,106.3
1660243818.344142,113.2
1660243818.364148,122.1
1660243818.3841,118.0
1660243818.404096,114.6
1660243818.4241,118.5
1660243818.4441,116.9
1660243818.464113,111.0
1660243818.484098,104.5
1660243818.504102,105.7
1660243818.524102,107.7
1660243818.54408,107.3
1660243818.564118,107.3
1660243818.584098,108.9
1660243818.603995,106.0
1660243818.624102,106.8
1660243818.644027,106.3
1660243818.663994,106.8
1660243818.684222,106.6
1660243818.70398,106.6
1660243818.723998,106.4
1660243818.743971,107.2
1660243818.763914,107.2
1660243818.783897,106.8
1660243818.803879,106.4
1660243818.823817,106.7
1660243818.843865,106.5
1660243818.863898,106.1
1660243818.883876,106.8
1660243818.903835,106.4
1660243818.923809,108.0
1660243818.943999,107.9
1660243818.963743,106.8
1660243818.983738,106.4
1660243819.003754,106.2
1660243819.02423,106.7
1660243819.043746,106.3
1660243819.06373,106.9
1660243819.08373,106.5
1660243819.103731,106.9
1660243819.123733,106.7
1660243819.143729,106.9
1660243819.163732,106.6
1660243819.183624,106.5
1660243819.203629,106.3
1660243819.223705,106.9
1660243819.243994,106.6
1660243819.263525,107.3
1660243819.283542,107.2
1660243819.303539,107.7
1660243819.32354,107.8
1660243819.343615,107.4
1660243819.363535,107.5
1660243819.383552,108.6
1660243819.403554,106.3
1660243819.42346,106.4
1660243819.44354,107.2
1660243819.463466,106.8
1660243819.483435,107.7
1660243819.50342,107.7
1660243819.523438,106.9
1660243819.54349,106.6
1660243819.563461,107.6
1660243819.584393,106.4
1660243819.604331,106.8
1660243819.624353,107.0
1660243819.643344,107.4
1660243819.663338,106.8
1660243819.68333,107.0
1660243819.704314,106.5
1660243819.764261,106.2
1660243819.784284,106.7
1660243819.804298,107.8
1660243819.824234,107.9
1660243819.844288,110.3
1660243819.864244,105.8
1660243819.884242,106.4
1660243819.904243,106.2
1660243819.924134,106.7
1660243819.944136,107.7
1660243819.964297,107.5
1660243819.984137,106.5
1660243820.00417,106.3
1660243820.024144,106.8
1660243820.044241,106.6
1660243820.064145,106.7
1660243820.084137,106.9
1660243820.104169,106.3
1660243820.124088,106.3
1660243820.144077,106.3
1660243820.164067,107.8
1660243820.184197,104.8
1660243820.204152,106.3
1660243820.224078,106.9
1660243820.244095,105.7
1660243820.264517,106.8
1660243820.284088,105.4
1660243820.304061,106.8
1660243820.324048,106.3
1660243820.344018,106.0
1660243820.364031,105.5
1660243820.383984,106.5
1660243820.403974,107.4
1660243820.424027,106.6
1660243820.443927,106.7
1660243820.463955,106.2
1660243820.483985,106.9
1660243820.504002,106.3
1660243820.52399,106.6
1660243820.544022,106.7
1660243820.563963,105.0
1660243820.583929,106.6
1660243820.603778,105.5
1660243820.663794,107.9
1660243820.683787,106.7
1660243820.703787,107.1
1660243820.723688,108.0
1660243820.743681,105.5
1660243820.763705,106.8
1660243820.783681,106.1
1660243820.80368,105.5
1660243820.823783,106.8
1660243820.843607,106.6
1660243820.863593,106.7
1660243820.883597,107.5
1660243820.9036,106.8
1660243820.923611,106.7
1660243820.943573,105.7
1660243820.963596,107.4
1660243820.983579,106.9
1660243821.003583,106.5
1660243821.023805,106.5
1660243821.043581,106.4
1660243821.063494,106.0
1660243821.083482,106.8
1660243821.10349,106.5
1660243821.124509,106.8
1660243821.1435,106.6
1660243821.163424,107.7
1660243821.183445,110.4
1660243821.203379,105.6
1660243821.223438,106.6
1660243821.243344,107.0
1660243821.263308,106.5
1660243821.283368,106.2
1660243821.304312,106.5
1660243821.324299,107.0
1660243821.34446,109.1
1660243821.364204,110.8
1660243821.384198,109.1
1660243821.404222,106.9
1660243821.4242,105.6
1660243821.444199,105.2
1660243821.464202,106.7
1660243821.4841,106.0
1660243821.5041,112.4
1660243821.524163,120.2
1660243821.544153,117.5
1660243821.564129,114.9
1660243821.584115,102.6
1660243821.60411,104.1
1660243821.624111,106.8
1660243821.644215,106.3
1660243821.664006,106.5
1660243821.684003,106.4
1660243821.704051,106.2
1660243821.723996,108.6
1660243821.744015,106.2
1660243821.764014,106.3
1660243821.783995,105.1
1660243821.804009,107.0
1660243821.824006,105.8
1660243821.843992,106.6
1660243821.864048,105.9
1660243821.883926,107.1
1660243821.903931,106.4
1660243821.923947,105.8
1660243821.943914,106.3
1660243821.963827,106.0
1660243821.983898,106.8
1660243822.003843,107.5
1660243822.023833,106.6
1660243822.043899,105.9
1660243822.063839,106.8
1660243822.083854,107.9
1660243822.103859,106.7
1660243822.123861,106.4
1660243822.143794,106.5
1660243822.16384,106.7
1660243822.183754,108.2
1660243822.203748,106.3
1660243822.223762,104.2
1660243822.243749,106.6
1660243822.263745,105.5
1660243822.283786,107.4
1660243822.303918,106.8
1660243822.32377,106.4
1660243822.34378,106.7
1660243822.363841,108.2
1660243822.38367,109.3
1660243822.403676,105.8
1660243822.423665,105.4
1660243822.443689,106.3
1660243822.463658,106.8
1660243822.483661,106.9
1660243822.503702,106.3
1660243822.523651,106.8
1660243822.543644,106.5
1660243822.563641,106.9
1660243822.583564,107.0
1660243822.603797,106.2
1660243822.62358,106.7
1660243822.64356,107.7
1660243822.66355,108.8
1660243822.683585,105.8
1660243822.703583,106.6
1660243822.723615,107.1
1660243822.743555,106.5
1660243822.763466,106.6
1660243822.783453,108.6
1660243822.803494,106.7
1660243822.823451,106.6
1660243822.843588,106.7
1660243822.863447,106.3
1660243822.883493,106.3
1660243822.903463,107.0
1660243822.923358,106.8
1660243822.943444,110.5
1660243822.963431,120.1
1660243822.983345,115.1
1660243823.004363,113.0
1660243823.023379,116.6
1660243823.043262,114.0
1660243823.063284,115.5
1660243823.124264,116.1
1660243823.144275,115.0
1660243823.164201,114.4
1660243823.184212,114.5
1660243823.204181,116.1
1660243823.224197,114.3
1660243823.244262,115.5
1660243823.264229,113.8
1660243823.284228,117.4
1660243823.304171,115.2
1660243823.324222,115.3
1660243823.344525,118.4
1660243823.364218,118.2
1660243823.384065,117.7
1660243823.404102,116.7
1660243823.42408,106.1
1660243823.444177,103.8
1660243823.46404,106.7
1660243823.484083,106.9
1660243823.504171,106.3
1660243823.524197,106.7
1660243823.544104,106.3
1660243823.564123,105.9
1660243823.584118,118.3
1660243823.604058,117.3
1660243823.623925,112.8
1660243823.643996,114.0
1660243823.66391,114.6
1660243823.683887,114.6
1660243823.703987,114.3
1660243823.724009,114.7
1660243823.743956,114.5
1660243823.763888,115.0
1660243823.7839,115.4
1660243823.803942,113.2
1660243823.823964,118.8
1660243823.843895,117.5
1660243823.863858,117.9
1660243823.883807,116.9
1660243823.903822,118.2
1660243823.923818,106.8
1660243823.943819,103.1
1660243823.9639,108.2
1660243823.983755,107.3
1660243824.003743,106.5
1660243824.0237,106.3
1660243824.043708,106.5
1660243824.063721,105.9
1660243824.083698,106.3
1660243824.10377,106.3
1660243824.123752,106.3
1660243824.143769,106.1
1660243824.163701,106.0
1660243824.183607,106.7
1660243824.20361,105.1
1660243824.22363,106.8
1660243824.243598,105.5
1660243824.263606,105.9
1660243824.283625,106.7
1660243824.303647,108.7
1660243824.323654,107.2
1660243824.343518,111.4
1660243824.36354,139.1
1660243824.383551,120.4
1660243824.403526,136.6
1660243824.423449,138.0
1660243824.443414,122.2
1660243824.463402,146.8
1660243824.483468,154.4
1660243824.50342,148.5
1660243824.523473,143.8
1660243824.543433,142.5
1660243824.56341,149.2
1660243824.583338,144.6
1660243824.60339,116.5
1660243824.623316,125.8
1660243824.64332,134.3
1660243824.663322,122.8
1660243824.683369,120.6
1660243824.70439,115.9
1660243824.724329,115.2
1660243824.743256,118.2
1660243824.763245,119.3
1660243824.783246,134.4
1660243824.804243,123.9
1660243824.824133,122.7
1660243824.844133,128.3
1660243824.86413,124.2
1660243824.884103,116.0
1660243824.904167,118.2
1660243824.924127,125.2
1660243824.944121,123.1
1660243824.964095,101.9
1660243824.983944,106.9
1660243825.003942,122.6
1660243825.023959,121.6
1660243825.043951,116.5
1660243825.063957,126.7
1660243825.083884,127.4
1660243825.103851,114.0
1660243825.123942,116.8
1660243825.143864,124.6
1660243825.163842,126.6
1660243825.18385,116.8
1660243825.203855,118.4
1660243825.223909,120.3
1660243825.243855,120.5
1660243825.263843,118.7
1660243825.283837,118.8
1660243825.303884,111.9
1660243825.32386,105.0
1660243825.343759,107.6
1660243825.363769,110.0
1660243825.383776,108.3
1660243825.403709,107.7
1660243825.423641,109.3
1660243825.44364,106.2
1660243825.463636,107.5
1660243825.483648,108.5
1660243825.50365,107.1
1660243825.523545,108.1
1660243825.543601,110.2
1660243825.563543,105.7
1660243825.583562,107.5
1660243825.603542,108.3
1660243825.62357,107.8
1660243825.643573,107.4
1660243825.663619,107.6
1660243825.683523,107.3
1660243825.703466,107.8
1660243825.723492,107.0
1660243825.743496,108.3
1660243825.763539,108.3
1660243825.783465,111.7
1660243825.803453,108.5
1660243825.823397,107.1
1660243825.843458,108.3
1660243825.863354,106.8
1660243825.883387,107.1
1660243825.903387,109.0
1660243825.923354,106.8
1660243825.943381,109.8
1660243825.963374,106.6
1660243825.983432,106.9
1660243826.003352,109.1
1660243826.023349,106.4
1660243826.043346,107.5
1660243826.063302,108.9
1660243826.084253,107.6
1660243826.104249,109.6
1660243826.123288,106.6
1660243826.143291,107.1
1660243826.16327,108.5
1660243826.183264,106.8
1660243826.20416,107.3
1660243826.224192,145.7
1660243826.244142,118.9
1660243826.26421,93.5
1660243826.284143,107.1
1660243826.304168,107.8
1660243826.324138,107.6
1660243826.344144,106.6
1660243826.36415,108.6
1660243826.384162,106.4
1660243826.404174,107.1
1660243826.424138,107.7
1660243826.443997,109.1
1660243826.463992,106.3
1660243826.484056,109.1
1660243826.504064,107.7
1660243826.52402,106.2
1660243826.543927,107.0
1660243826.563928,107.2
1660243826.583933,108.7
1660243826.603926,106.8
1660243826.62398,107.0
1660243826.643902,107.2
1660243826.663911,109.2
1660243826.683905,106.7
1660243826.703914,109.9
1660243826.723839,106.0
1660243826.743804,106.2
1660243826.763811,107.3
1660243826.783833,107.7
1660243826.803805,109.3
1660243826.823813,107.9
1660243826.843848,107.2
1660243826.863812,107.1
1660243826.883822,108.6
1660243826.903814,108.2
1660243826.92386,107.2
1660243826.94381,106.6
1660243826.963714,106.7
1660243826.983738,106.9
1660243827.003714,106.4
1660243827.023713,109.2
1660243827.083617,106.4
1660243827.103671,106.1
1660243827.123624,107.5
1660243827.143672,107.9
1660243827.163617,109.8
1660243827.183612,108.8
1660243827.203502,106.3
1660243827.223514,106.5
1660243827.243515,107.1
1660243827.263585,106.9
1660243827.283526,107.9
1660243827.303527,108.5
1660243827.323497,106.8
1660243827.343424,110.6
1660243827.363419,105.8
1660243827.383334,107.1
1660243827.403318,109.5
1660243827.423322,106.5
1660243827.443308,113.5
1660243827.463283,119.3
1660243827.483339,116.8
1660243827.503346,116.4
1660243827.523312,118.3
1660243827.54334,116.8
1660243827.563242,117.6
1660243827.58324,105.5
1660243827.603246,103.9
1660243827.623253,107.9
1660243827.643317,106.8
1660243827.66332,107.9
1660243827.683339,108.2
1660243827.703253,110.4
1660243827.723231,106.3
1660243827.744208,106.5
1660243827.764236,106.8
1660243827.784228,107.6
1660243827.804285,108.1
1660243827.82421,108.2
1660243827.844209,106.8
1660243827.864217,107.2
1660243827.884239,106.6
1660243827.904248,107.6
1660243827.924074,108.3
1660243827.944063,107.2
1660243827.96405,110.4
1660243827.984053,106.3
1660243828.00406,106.9
1660243828.024054,107.7
1660243828.044052,134.7
1660243828.064144,116.2
1660243828.08409,97.1
1660243828.104062,105.3
1660243828.124133,109.8
1660243828.14397,106.6
1660243828.163952,106.5
1660243828.183984,106.6
1660243828.204019,106.5
1660243828.223964,107.1
1660243828.24389,106.9
1660243828.26387,108.3
1660243828.28388,106.6
1660243828.303937,110.4
1660243828.323884,106.2
1660243828.34378,106.2
1660243828.363887,106.3
1660243828.38376,105.8
1660243828.40376,106.6
1660243828.423757,106.3
1660243828.443677,107.4
1660243828.463658,107.0
1660243828.483693,106.5
1660243828.503662,106.3
1660243828.523668,105.5
1660243828.543658,106.4
1660243828.563577,105.9
1660243828.583648,107.6
1660243828.603554,107.5
1660243828.62356,111.1
1660243828.643561,113.7
1660243828.663558,119.9
1660243828.683558,115.3
1660243828.703559,103.5
1660243828.723461,103.8
1660243828.743459,108.0
1660243828.763553,107.1
1660243828.783467,108.8
1660243828.803462,109.2
1660243828.823357,107.1
1660243828.843352,106.9
1660243828.863352,106.7
1660243828.883361,106.9
1660243828.903358,107.4
1660243828.923361,107.7
1660243828.94342,108.5
1660243828.963358,109.3
1660243828.983354,106.6
1660243829.003364,107.1
1660243829.023262,107.0
1660243829.043282,108.4
1660243829.063252,106.3
1660243829.084261,107.0
1660243829.104316,108.8
1660243829.124236,106.8
1660243829.143172,107.3
1660243829.163235,106.5
1660243829.184288,106.8
1660243829.204348,106.6
1660243829.224298,107.6
1660243829.243148,108.4
1660243829.263091,106.7
1660243829.284183,112.3
1660243829.304224,115.4
1660243829.324124,132.3
1660243829.344076,128.5
1660243829.364207,131.0
1660243829.384004,137.5
1660243829.40401,122.9
1660243829.424009,126.6
1660243829.444025,138.5
1660243829.464014,130.4
1660243829.483993,129.9
1660243829.503888,115.9
1660243829.523886,111.6
1660243829.543894,117.3
1660243829.563896,115.9
1660243829.583953,117.3
1660243829.603898,119.0
1660243829.62396,116.3
1660243829.643801,113.8
1660243829.663783,117.0
1660243829.683794,116.2
1660243829.703792,115.8
1660243829.72379,115.8
1660243829.743824,126.7
1660243829.763698,131.4
1660243829.783915,112.0
1660243829.803713,112.7
1660243829.823783,117.3
1660243829.843757,117.4
1660243829.863716,116.9
1660243829.883704,124.5
1660243829.903734,133.1
1660243829.923664,129.5
1660243829.943638,130.1
1660243829.963608,130.7
1660243829.983627,138.8
1660243830.003619,145.2
1660243830.023597,134.9
1660243830.043507,140.2
1660243830.063526,157.5
1660243830.083523,147.4
1660243830.103572,130.5
1660243830.123494,112.7
1660243830.143521,123.5
1660243830.163426,125.0
1660243830.183425,128.8
1660243830.203498,129.6
1660243830.223506,132.5
1660243830.243416,121.5
1660243830.263419,132.1
1660243830.28341,128.6
1660243830.303444,123.2
1660243830.323391,114.7
1660243830.343391,120.1
1660243830.363332,129.8
1660243830.383401,124.1
1660243830.4033,132.7
1660243830.423303,131.7
1660243830.44335,137.5
1660243830.464288,138.1
1660243830.483315,124.4
1660243830.503326,118.5
1660243830.523352,113.4
1660243830.543328,103.9
1660243830.56441,106.8
1660243830.58336,106.7
1660243830.603139,105.4
1660243830.623141,106.2
1660243830.64322,105.7
1660243830.663135,105.8
1660243830.684151,106.4
1660243830.704167,106.6
1660243830.72427,118.7
1660243830.743263,133.2
1660243830.763173,133.5
1660243830.784259,125.9
1660243830.804151,121.9
1660243830.82421,120.3
1660243830.844103,123.9
1660243830.864076,113.5
1660243830.883093,139.6
1660243830.904055,133.8
1660243830.923936,126.4
1660243830.943962,122.1
1660243830.963967,124.3
1660243830.983949,114.9
1660243831.003965,114.0
1660243831.023964,114.2
1660243831.043958,115.5
1660243831.063966,125.1
1660243831.083979,118.6
1660243831.104018,111.7
1660243831.123858,119.0
1660243831.143855,124.9
1660243831.163884,115.2
1660243831.183858,115.0
1660243831.203864,117.8
1660243831.223847,115.7
1660243831.24392,116.6
1660243831.26391,118.3
1660243831.283879,119.3
1660243831.304166,111.3
1660243831.32387,101.3
1660243831.343868,114.7
1660243831.363856,107.5
1660243831.38376,102.3
1660243831.403758,106.7
1660243831.423822,106.2
1660243831.443919,104.5
1660243831.463817,106.6
1660243831.483768,105.1
1660243831.503842,106.5
1660243831.523689,105.1
1660243831.543661,106.3
1660243831.563664,104.5
1660243831.583658,106.1
1660243831.603731,105.2
1660243831.623692,106.3
1660243831.643744,106.0
1660243831.663668,109.2
1660243831.68367,126.2
1660243831.703709,119.7
1660243831.723661,114.1
1660243831.743593,117.7
1660243831.76358,111.3
1660243831.78358,131.6
1660243831.803551,121.1
1660243831.823616,117.6
1660243831.843552,113.0
1660243831.863553,119.1
1660243831.883556,108.1
1660243831.903571,101.9
1660243831.923563,106.7
1660243831.943565,106.5
1660243831.963517,106.1
1660243831.983465,104.7
1660243832.00352,105.2
1660243832.023473,106.0
1660243832.043462,106.5
1660243832.063435,105.2
1660243832.083348,106.7
1660243832.103367,105.4
1660243832.12337,105.8
1660243832.143344,106.0
1660243832.163368,106.4
1660243832.183357,104.9
1660243832.20338,106.9
1660243832.223221,106.6
1660243832.243348,104.4
1660243832.263287,107.6
1660243832.283294,103.8
1660243832.303376,107.2
1660243832.323203,103.6
1660243832.343254,107.1
1660243832.363198,104.1
1660243832.383185,106.5
1660243832.403186,105.3
1660243832.423184,110.4
1660243832.443088,141.5
1660243832.463206,122.9
1660243832.484111,112.8
1660243832.504114,127.0
1660243832.523096,123.4
1660243832.543102,118.3
1660243832.563102,115.4
1660243832.583093,118.3
1660243832.604036,118.6
1660243832.624037,109.9
1660243832.644032,107.7
1660243832.663122,120.4
1660243832.683017,117.1
1660243832.704017,113.8
1660243832.724122,113.8
1660243832.744018,118.9
1660243832.764014,114.0
1660243832.784018,117.5
1660243832.803916,125.6
1660243832.824021,123.9
1660243832.843906,124.3
1660243832.864028,125.6
1660243832.883976,126.7
1660243832.903914,116.4
1660243832.923916,106.3
1660243832.943906,112.1
1660243832.963913,120.9
1660243832.983841,117.0
1660243833.003925,114.3
1660243833.023923,115.5
1660243833.043807,116.7
1660243833.063846,118.5
1660243833.083844,119.9
1660243833.103844,119.6
1660243833.123848,106.4
1660243833.143817,104.7
1660243833.163819,107.0
1660243833.183721,118.9
1660243833.203725,124.4
1660243833.22372,116.8
1660243833.243701,115.1
1660243833.263704,118.6
1660243833.283713,118.0
1660243833.303707,108.9
1660243833.323726,102.0
1660243833.343718,106.9
1660243833.363701,107.6
1660243833.383649,117.1
1660243833.403613,118.0
1660243833.423616,112.5
1660243833.443617,116.8
1660243833.463615,115.9
1660243833.483512,118.8
1660243833.503507,116.9
1660243833.523636,104.4
1660243833.54351,103.5
1660243833.56358,107.9
1660243833.58359,106.7
1660243833.603566,106.4
1660243833.623528,106.6
1660243833.643572,106.1
1660243833.663422,106.5
1660243833.683496,106.3
1660243833.70341,106.9
1660243833.723471,106.3
1660243833.743473,106.9
1660243833.763473,108.0
1660243833.783429,122.6
1660243833.803458,120.2
1660243833.823474,125.2
1660243833.843449,118.2
1660243833.86347,107.3
1660243833.883474,107.8
1660243833.903254,112.1
1660243833.923266,105.4
1660243833.943241,108.8
1660243833.963255,125.0
1660243833.983342,137.1
1660243834.00327,103.9
1660243834.023263,101.2
1660243834.043154,118.2
1660243834.063409,121.8
1660243834.083168,115.9
1660243834.103216,111.4
1660243834.123164,120.8
1660243834.143225,124.3
1660243834.163167,112.6
1660243834.183076,116.3
1660243834.204114,105.1
1660243834.223117,103.5
1660243834.2431,106.3
1660243834.263085,105.5
1660243834.283063,106.0
1660243834.304063,106.7
1660243834.324134,106.3
1660243834.344105,108.6
1660243834.363058,107.1
1660243834.382966,106.1
1660243834.402964,105.8
1660243834.424019,107.9
1660243834.444017,120.8
1660243834.463973,120.0
1660243834.483955,112.3
1660243834.502953,104.2
1660243834.52402,103.4
1660243834.544065,107.4
1660243834.563967,106.3
1660243834.583971,104.7
1660243834.603918,106.5
1660243834.623852,103.9
1660243834.643944,107.0
1660243834.663867,105.9
1660243834.683915,105.4
1660243834.703936,105.4
1660243834.723873,106.8
1660243834.743851,105.8
1660243834.763867,106.3
1660243834.783836,112.2
1660243834.803778,135.7
1660243834.823825,128.9
1660243834.843842,119.7
1660243834.863813,118.8
1660243834.88374,116.0
1660243834.903754,119.9
1660243834.923747,124.7
1660243834.943697,127.7
1660243834.96369,114.6
1660243834.983665,112.8
1660243835.00359,122.4
1660243835.023594,117.7
1660243835.043729,115.9
1660243835.063565,104.1
1660243835.083562,101.5
1660243835.103565,107.7
1660243835.123574,106.4
1660243835.14358,105.6
1660243835.163651,105.1
1660243835.183624,106.0
1660243835.203465,106.0
1660243835.223473,104.5
1660243835.243452,107.3
1660243835.263501,106.8
1660243835.283487,105.9
1660243835.303474,104.9
1660243835.323468,106.4
1660243835.343482,105.7
1660243835.36348,106.3
1660243835.383536,105.3
1660243835.403481,105.9
1660243835.423487,105.2
1660243835.443461,105.8
1660243835.463451,105.0
1660243835.483328,104.1
1660243835.50333,106.4
1660243835.523322,106.2
1660243835.543379,105.3
1660243835.563345,106.6
1660243835.583385,105.1
1660243835.603316,108.8
1660243835.623213,127.4
1660243835.643268,128.4
1660243835.66321,105.2
1660243835.683197,114.8
1660243835.703286,121.7
1660243835.723158,118.3
1660243835.743101,118.0
1660243835.763176,117.7
1660243835.783124,106.8
1660243835.804185,107.6
1660243835.823116,108.7
1660243835.843113,106.8
1660243835.86316,107.1
1660243835.883225,107.1
1660243835.903024,108.7
1660243835.923246,106.5
1660243835.943168,107.1
1660243835.963128,107.9
1660243835.983118,106.8
1660243836.003074,107.7
1660243836.023032,106.6
1660243836.043066,106.7
1660243836.063067,110.1
1660243836.083027,105.7
1660243836.103031,106.5
1660243836.124086,106.3
1660243836.143031,106.7
1660243836.163084,107.0
1660243836.183136,107.0
1660243836.203091,107.1
1660243836.224035,107.0
1660243836.244032,106.7
1660243836.264024,106.9
1660243836.283972,106.3
1660243836.303973,107.3
1660243836.323906,107.2
1660243836.343978,107.9
1660243836.36384,107.3
1660243836.38386,107.9
1660243836.403838,107.8
1660243836.423816,118.3
1660243836.443844,107.3
1660243836.463829,106.1
1660243836.483729,107.1
1660243836.503732,107.5
1660243836.52383,107.6
1660243836.543766,110.4
1660243836.563737,107.0
1660243836.583739,109.1
1660243836.60378,106.8
1660243836.623737,108.2
1660243836.643741,108.1
1660243836.703722,107.7
1660243836.723625,107.6
1660243836.743631,107.8
1660243836.763637,107.9
1660243836.783626,111.6
1660243836.803634,106.5
1660243836.823507,108.3
1660243836.84354,107.8
1660243836.863531,106.4
1660243836.88353,107.7
1660243836.90353,107.5
1660243836.923549,106.9
1660243836.943536,106.8
1660243836.963555,107.3
1660243836.98353,107.9
1660243837.003529,107.8
1660243837.023507,108.8
1660243837.043541,116.3
1660243837.06353,118.6
1660243837.083525,128.2
1660243837.103528,131.1
1660243837.123518,103.6
1660243837.143515,116.9
1660243837.163428,125.0
1660243837.183395,124.0
1660243837.203389,131.4
1660243837.223385,133.4
1660243837.243382,124.8
1660243837.263451,143.4
1660243837.283441,161.7
1660243837.303297,143.6
1660243837.323285,129.1
1660243837.343286,130.5
1660243837.363284,131.3
1660243837.383281,125.6
1660243837.403292,125.2
1660243837.423311,124.6
1660243837.443281,117.7
1660243837.46329,103.1
1660243837.483297,104.7
1660243837.503223,107.9
1660243837.523269,109.4
1660243837.543282,106.9
1660243837.563298,110.4
1660243837.58333,106.3
1660243837.603168,107.6
1660243837.623179,107.7
1660243837.643178,107.8
1660243837.663187,107.7
1660243837.68319,108.5
1660243837.703084,106.3
1660243837.723084,111.2
1660243837.743094,105.6
1660243837.763151,106.7
1660243837.783084,107.4
1660243837.80309,112.9
1660243837.82312,107.8
1660243837.843114,109.2
1660243837.863118,106.5
1660243837.883084,106.6
1660243837.903086,111.4
1660243837.923106,107.2
1660243837.943102,106.4
1660243837.963105,107.5
1660243837.983111,107.4
1660243838.003098,110.2
1660243838.023072,107.6
1660243838.04298,109.0
1660243838.063012,108.6
1660243838.08299,109.9
1660243838.102988,108.4
1660243838.122992,108.4
1660243838.144104,108.8
1660243838.164054,106.6
1660243838.184034,107.5
1660243838.203072,108.3
1660243838.222951,106.9
1660243838.24294,109.0
1660243838.263892,107.2
1660243838.28388,108.8
1660243838.303924,106.6
1660243838.32396,108.4
1660243838.343911,108.2
1660243838.36393,108.8
1660243838.383842,107.3
1660243838.40384,112.0
1660243838.423847,106.2
1660243838.443866,107.0
1660243838.46379,107.9
1660243838.483799,107.6
1660243838.503811,107.4
1660243838.523892,107.5
1660243838.543804,108.7
1660243838.563854,108.4
1660243838.583836,109.2
1660243838.603888,106.6
1660243838.623923,110.9
1660243838.643872,107.3
1660243838.663715,108.7
1660243838.683727,106.1
1660243838.70375,107.5
1660243838.723703,108.5
1660243838.743694,106.7
1660243838.76376,107.8
1660243838.783747,107.4
1660243838.8037,108.6
1660243838.82376,107.5
1660243838.84368,108.2
1660243838.863716,109.2
1660243838.883592,108.4
1660243838.903665,106.5
1660243838.923642,107.3
1660243838.943724,107.5
1660243838.9637,108.9
1660243838.983605,107.4
1660243839.003597,108.7
1660243839.02368,107.7
1660243839.043666,108.4
1660243839.063621,107.8
1660243839.083497,108.8
1660243839.103463,107.0
1660243839.12349,110.1
1660243839.143538,117.3
1660243839.163486,145.9
1660243839.183505,132.5
1660243839.203516,119.8
1660243839.223565,117.0
1660243839.24346,118.4
1660243839.263465,125.8
1660243839.283361,115.1
1660243839.303405,117.6
1660243839.323402,113.3
1660243839.343506,107.0
1660243839.363408,107.4
1660243839.383352,112.6
1660243839.403356,133.3
1660243839.423349,125.2
1660243839.44341,117.8
1660243839.463501,143.3
1660243839.483314,120.8
1660243839.503252,97.8
1660243839.52331,108.3
1660243839.543333,116.7
1660243839.563258,131.1
1660243839.583373,136.8
1660243839.603246,143.8
1660243839.623256,109.7
1660243839.643296,107.2
1660243839.66305,106.3
1660243839.68317,119.9
1660243839.703199,107.3
1660243839.723186,102.3
1660243839.743242,107.2
1660243839.763135,107.0
1660243839.78305,106.3
1660243839.802986,106.5
1660243839.82297,106.8
1660243839.844018,107.0
1660243839.862923,106.6
1660243839.883942,106.4
1660243839.903235,105.7
1660243839.922952,106.5
1660243839.943,105.3
1660243839.964061,106.3
1660243839.983912,105.0
1660243840.00391,107.1
1660243840.023852,105.6
1660243840.042824,107.6
1660243840.063903,106.6
1660243840.083936,106.3
1660243840.103842,106.2
1660243840.123856,104.2
1660243840.143808,107.2
1660243840.163748,105.9
1660243840.183749,107.9
1660243840.203764,106.5
1660243840.223762,105.9
1660243840.243748,104.4
1660243840.263783,107.5
1660243840.28376,104.2
1660243840.303816,107.2
1660243840.323823,105.4
1660243840.34366,105.1
1660243840.363772,123.1
1660243840.383666,130.3
1660243840.403629,112.3
1660243840.42364,100.9
1660243840.443656,111.3
1660243840.463686,123.9
1660243840.483664,125.3
1660243840.503656,102.8
1660243840.523662,101.0
1660243840.543738,107.1
1660243840.563658,106.5
1660243840.583496,105.6
1660243840.603491,104.9
1660243840.62349,107.1
1660243840.643519,106.2
1660243840.663572,105.6
1660243840.683428,106.5
1660243840.703414,106.6
1660243840.723415,103.7
1660243840.743409,107.2
1660243840.763389,106.2
1660243840.783417,105.4
1660243840.803436,107.7
1660243840.823485,106.9
1660243840.843518,106.3
1660243840.863489,104.9
1660243840.883553,107.7
1660243840.903377,106.6
1660243840.923338,106.6
1660243840.943415,104.8
1660243840.96334,107.2
1660243840.983294,106.7
1660243841.003296,104.4
1660243841.023304,107.6
1660243841.043306,106.2
1660243841.06325,106.8
1660243841.083195,105.9
1660243841.103202,107.0
1660243841.123316,106.8
1660243841.143306,105.5
1660243841.163338,106.5
1660243841.183307,106.5
1660243841.203247,105.3
1660243841.223164,105.9
1660243841.243152,106.7
1660243841.263154,114.6
1660243841.283166,106.4
1660243841.303194,105.2
1660243841.32321,108.4
1660243841.343212,107.7
1660243841.363095,108.2
1660243841.383037,109.9
1660243841.403001,105.5
1660243841.423018,106.7
1660243841.443054,107.1
1660243841.463146,107.4
1660243841.483043,108.0
1660243841.503106,108.4
1660243841.523052,110.1
1660243841.543041,106.1
1660243841.563014,106.8
1660243841.583079,106.6
1660243841.603018,106.8
1660243841.62307,107.1
1660243841.642939,107.2
1660243841.663981,107.3
1660243841.682909,107.8
1660243841.702932,106.6
1660243841.722912,107.3
1660243841.742905,107.1
1660243841.763879,106.8
1660243841.783873,107.2
1660243841.80412,107.5
1660243841.82303,106.8
1660243841.842814,107.5
1660243841.862854,107.3
1660243841.883944,107.9
1660243841.903814,106.3
1660243841.923813,107.0
1660243841.943904,106.8
1660243841.963865,110.2
1660243841.983884,106.3
1660243842.003921,107.0
1660243842.023815,106.3
1660243842.043888,106.7
1660243842.063709,107.6
1660243842.083685,108.8
1660243842.103733,107.5
1660243842.123798,109.0
1660243842.143698,106.0
1660243842.163714,107.0
1660243842.18369,107.0
1660243842.203703,108.1
1660243842.223836,107.2
1660243842.243709,107.3
1660243842.263708,108.4
1660243842.283771,107.2
1660243842.303581,107.2
1660243842.32364,108.5
1660243842.343581,107.1
1660243842.363699,107.9
1660243842.38358,107.5
1660243842.403551,110.5
1660243842.423605,105.7
1660243842.443594,106.6
1660243842.46347,107.2
1660243842.483475,106.9
1660243842.503462,106.7
1660243842.523518,107.4
1660243842.543454,107.0
1660243842.563458,107.0
1660243842.583458,107.9
1660243842.603401,106.1
1660243842.623597,107.0
1660243842.643363,106.6
1660243842.663463,106.7
1660243842.683466,106.7
1660243842.703421,106.8
1660243842.723468,111.3
1660243842.743402,114.0
1660243842.763462,117.7
1660243842.783326,107.9
1660243842.803416,111.0
1660243842.823368,116.7
1660243842.843264,125.0
1660243842.863309,124.2
1660243842.883285,131.0
1660243842.903256,110.2
1660243842.923259,100.6
1660243842.943153,109.1
1660243842.963251,111.3
1660243842.983258,105.5
1660243843.003166,107.1
1660243843.023171,108.2
1660243843.04319,107.6
1660243843.063176,108.3
1660243843.083251,109.0
1660243843.103186,108.4
1660243843.123238,106.8
1660243843.143185,107.5
1660243843.163054,107.4
1660243843.183045,108.1
1660243843.203078,107.2
1660243843.223082,108.5
1660243843.243137,106.7
1660243843.263052,107.1
1660243843.283031,108.3
1660243843.303052,106.9
1660243843.322946,107.5
1660243843.342969,109.7
1660243843.362945,109.6
1660243843.382964,106.7
1660243843.402952,107.0
1660243843.422996,108.6
1660243843.442949,107.6
1660243843.463845,108.5
1660243843.482846,106.4
1660243843.502855,107.4
1660243843.52289,107.8
1660243843.542867,108.3
1660243843.56276,106.3
1660243843.583773,107.2
1660243843.603779,107.9
1660243843.623759,121.3
1660243843.643792,109.4
1660243843.664007,102.6
1660243843.683757,116.8
1660243843.703769,126.1
1660243843.723777,108.8
1660243843.743775,104.2
1660243843.763807,107.3
1660243843.78378,107.9
1660243843.803659,112.7
1660243843.823777,108.8
1660243843.843783,109.2
1660243843.863611,108.7
1660243843.883636,107.2
1660243843.903613,108.2
1660243843.923602,108.7
1660243843.943641,107.7
1660243843.963533,109.1
1660243843.983537,109.0
1660243844.003515,107.9
1660243844.023547,109.3
1660243844.043539,108.3
1660243844.063622,108.1
1660243844.083424,112.7
1660243844.103431,106.4
1660243844.12343,111.2
1660243844.143459,108.3
1660243844.163467,107.2
1660243844.183431,110.1
1660243844.203417,106.2
1660243844.223481,109.6
1660243844.24342,106.8
1660243844.26347,109.1
1660243844.283452,108.7
1660243844.30336,107.4
1660243844.323322,108.5
1660243844.343366,107.5
1660243844.363386,107.9
1660243844.383326,108.7
1660243844.403321,107.1
1660243844.423326,109.1
1660243844.443216,109.4
1660243844.463212,106.6
1660243844.483223,110.7
1660243844.503213,106.3
1660243844.523218,109.4
1660243844.543222,107.2
1660243844.563213,107.4
1660243844.583224,108.5
1660243844.603224,109.4
1660243844.623326,111.2
1660243844.643356,107.7
1660243844.663121,107.8
1660243844.683108,110.5
1660243844.703143,107.3
1660243844.723123,109.0
1660243844.743043,109.0
1660243844.763095,107.8
1660243844.783053,108.2
1660243844.802941,107.8
1660243844.822909,107.9
1660243844.843036,108.1
1660243844.862954,108.7
1660243844.882797,108.1
1660243844.9038,107.3
1660243844.923795,107.8
1660243844.94387,107.7
1660243844.963893,107.0
1660243844.983806,108.6
1660243845.003801,110.1
1660243845.023846,107.5
1660243845.04391,108.9
1660243845.063878,109.6
1660243845.083812,106.8
1660243845.103831,109.1
1660243845.123882,106.4
1660243845.14392,108.6
1660243845.1638,107.5
1660243845.18383,107.4
1660243845.203796,108.7
1660243845.223854,107.7
1660243845.243755,107.1
1660243845.263951,107.2
1660243845.283655,107.9
1660243845.30365,107.5
1660243845.3238,108.2
1660243845.343669,106.8
1660243845.36366,109.7
1660243845.383655,109.1
1660243845.403579,107.3
1660243845.423574,107.9
1660243845.443609,110.2
1660243845.463586,106.6
1660243845.483587,111.1
1660243845.503577,106.2
1660243845.523607,109.7
1660243845.543566,107.4
1660243845.563481,108.9
1660243845.583478,109.8
1660243845.603472,106.7
1660243845.623453,108.7
1660243845.643492,109.5
1660243845.663486,106.4
1660243845.683382,109.9
1660243845.703457,107.0
1660243845.723352,119.5
1660243845.743379,118.2
1660243845.763356,111.0
1660243845.783355,122.4
1660243845.803409,116.7
1660243845.823406,115.0
1660243845.843378,114.4
1660243845.863358,111.4
1660243845.883364,102.1
1660243845.903411,108.1
1660243845.923366,110.8
1660243845.943364,105.2
1660243845.963268,106.8
1660243845.983268,106.9
1660243846.003265,106.8
1660243846.023317,106.5
1660243846.043317,106.3
1660243846.063343,106.3
1660243846.08327,108.0
1660243846.103267,106.3
1660243846.123316,106.0
1660243846.143308,104.9
1660243846.163268,107.2
1660243846.1833,106.3
1660243846.203188,105.7
1660243846.223184,106.8
1660243846.243211,106.3
1660243846.263133,105.4
1660243846.283055,106.6
1660243846.303072,106.0
1660243846.323125,106.1
1660243846.343318,107.1
1660243846.36305,106.3
1660243846.382981,106.1
1660243846.403127,105.3
1660243846.423034,107.2
1660243846.44297,106.5
1660243846.463028,106.2
1660243846.482961,106.2
1660243846.502969,106.3
1660243846.523006,106.9
1660243846.54294,106.3
1660243846.562964,106.1
1660243846.582858,106.7
1660243846.602867,106.2
1660243846.622841,106.8
1660243846.642871,106.2
1660243846.662863,109.6
1660243846.683968,109.1
1660243846.703956,105.8
1660243846.723943,106.9
1660243846.74287,107.4
1660243846.762852,107.7
1660243846.783978,108.7
1660243846.803892,112.4
1660243846.823897,107.9
1660243846.842713,107.4
1660243846.862741,108.2
1660243846.883754,106.4
1660243846.903712,107.2
1660243846.923666,108.6
1660243846.943708,106.8
1660243846.963678,108.6
1660243846.983662,106.4
1660243847.003638,108.4
1660243847.023664,106.8
1660243847.043624,107.7
1660243847.063752,107.0
1660243847.083583,108.0
1660243847.103635,108.3
1660243847.123567,107.4
1660243847.143504,110.3
1660243847.163546,106.1
1660243847.183539,107.2
1660243847.20352,108.1
1660243847.263413,107.0
1660243847.283432,108.0
1660243847.303432,107.2
1660243847.323466,108.8
1660243847.343472,106.5
1660243847.363495,107.3
1660243847.383428,108.3
1660243847.403423,106.7
1660243847.42332,108.6
1660243847.443369,109.7
1660243847.46332,109.4
1660243847.483327,108.2
1660243847.503254,106.6
1660243847.523276,107.0
1660243847.54323,107.2
1660243847.563235,107.1
1660243847.583214,108.6
1660243847.603267,106.4
1660243847.623243,107.4
1660243847.643224,107.1
1660243847.663267,108.1
1660243847.683276,107.0
1660243847.70316,107.4
1660243847.723166,106.7
1660243847.743168,107.4
1660243847.76315,107.2
1660243847.783022,109.6
1660243847.803045,107.4
1660243847.823001,106.8
1660243847.843072,109.5
1660243847.863106,108.4
1660243847.882896,108.0
1660243847.902986,106.5
1660243847.923112,106.9
1660243847.943125,107.1
1660243847.963978,106.7
1660243847.982943,106.9
1660243848.002924,112.7
1660243848.022929,136.9
1660243848.042905,145.8
1660243848.062974,156.6
1660243848.082956,149.5
1660243848.102932,121.8
1660243848.122917,113.8
1660243848.142854,130.8
1660243848.163906,118.4
1660243848.182761,122.2
1660243848.202766,121.6
1660243848.222881,117.6
1660243848.242821,117.7
1660243848.262798,117.5
1660243848.28371,116.2
1660243848.303774,117.7
1660243848.323668,117.6
1660243848.343786,123.6
1660243848.362762,122.9
1660243848.383705,115.6
1660243848.403661,116.4
1660243848.423657,117.6
1660243848.443678,115.4
1660243848.463655,117.0
1660243848.483669,120.2
1660243848.503642,118.5
1660243848.523558,114.8
1660243848.543614,117.4
1660243848.563636,115.6
1660243848.583536,118.3
1660243848.603587,116.8
1660243848.62359,119.0
1660243848.643477,118.5
1660243848.66353,117.8
1660243848.683529,117.7
1660243848.703476,115.6
1660243848.723478,118.7
1660243848.743535,117.3
1660243848.763461,119.0
1660243848.783363,118.6
1660243848.803392,118.3
1660243848.82342,118.1
1660243848.843407,118.8
1660243848.863409,118.5
1660243848.883366,117.0
1660243848.903379,118.9
1660243848.923543,117.6
1660243848.943384,117.8
1660243848.963448,117.0
1660243848.983371,116.8
1660243849.003369,116.7
1660243849.023366,118.6
1660243849.043358,117.8
1660243849.063265,117.0
1660243849.083338,118.0
1660243849.103332,116.8
1660243849.123266,117.2
1660243849.143311,117.5
1660243849.163313,118.8
1660243849.183271,118.6
1660243849.203264,117.6
1660243849.223928,115.5
1660243849.24332,118.7
1660243849.263277,116.9
1660243849.283266,114.9
1660243849.303275,119.9
1660243849.323347,119.8
1660243849.343251,117.4
1660243849.363465,117.6
1660243849.383202,115.9
1660243849.403239,118.6
1660243849.423304,115.0
1660243849.443111,117.9
1660243849.463071,119.3
1660243849.48306,118.3
1660243849.503092,118.0
1660243849.523117,117.2
1660243849.543062,116.4
1660243849.563,113.1
1660243849.582975,123.0
1660243849.602984,106.0
1660243849.622968,108.1
1660243849.642994,108.9
1660243849.663004,102.1
1660243849.682985,105.8
1660243849.702998,103.7
1660243849.722989,105.4
1660243849.742984,104.5
1660243849.762816,104.0
1660243849.782848,105.1
1660243849.802876,107.7
1660243849.82281,108.5
1660243849.84281,105.7
1660243849.862853,103.2
1660243849.882808,120.7
1660243849.90284,129.9
1660243849.922804,133.9
1660243849.942817,126.4
1660243849.962717,114.4
1660243850.022743,100.6
1660243850.04272,100.4
1660243850.062792,108.3
1660243850.082723,108.7
1660243850.103766,106.2
1660243850.122734,106.7
1660243850.142722,106.8
1660243850.16264,106.4
1660243850.182633,106.7
1660243850.203684,106.5
1660243850.22369,106.5
1660243850.243647,104.7
1660243850.26365,107.1
1660243850.283615,106.5
1660243850.303622,105.2
1660243850.323619,106.6
1660243850.34362,109.2
1660243850.363545,106.3
1660243850.383554,105.9
1660243850.403542,103.5
1660243850.423524,107.7
1660243850.443566,106.3
1660243850.463614,105.5
1660243850.48352,105.6
1660243850.503544,106.3
1660243850.523599,106.3
1660243850.543531,105.5
1660243850.563547,105.1
1660243850.583499,105.6
1660243850.603425,107.5
1660243850.623524,106.6
1660243850.643424,106.6
1660243850.663425,113.2
1660243850.683418,109.4
1660243850.70344,103.0
1660243850.723395,108.5
1660243850.743363,106.7
1660243850.763332,106.5
1660243850.783324,106.9
1660243850.803357,106.3
1660243850.823347,106.3
1660243850.843331,107.2
1660243850.863334,106.7
1660243850.883244,106.4
1660243850.90323,106.7
1660243850.923231,106.1
1660243850.943231,106.3
1660243850.963232,105.1
1660243850.983259,105.8
1660243851.003237,106.7
1660243851.023225,106.3
1660243851.043162,106.7
1660243851.063155,106.7
1660243851.083191,106.1
1660243851.103145,107.6
1660243851.123146,106.8
1660243851.143176,106.4
1660243851.163136,106.5
1660243851.183143,105.5
1660243851.203029,106.2
1660243851.223035,105.4
1660243851.243001,107.2
1660243851.263058,106.5
1660243851.283013,106.5
1660243851.303033,106.6
1660243851.323056,106.2
1660243851.343022,106.9
1660243851.36302,106.8
1660243851.383091,122.8
1660243851.403087,109.5
1660243851.423017,100.6
1660243851.443016,107.6
1660243851.463023,110.4
1660243851.483042,106.0
1660243851.503038,107.1
1660243851.522879,107.0
1660243851.54287,107.9
1660243851.562963,106.1
1660243851.582874,106.8
1660243851.602868,106.8
1660243851.622774,110.4
1660243851.642815,107.3
1660243851.662789,105.9
1660243851.682798,106.7
1660243851.702802,107.0
1660243851.722774,107.1
1660243851.742773,106.7
1660243851.762673,107.2
1660243851.78266,108.7
1660243851.8037,106.2
1660243851.823652,106.9
1660243851.843569,107.0
1660243851.8636,106.9
1660243851.882576,107.1
1660243851.90356,111.4
1660243851.923578,105.0
1660243851.943611,106.4
1660243851.963578,106.6
1660243851.983515,107.0
1660243852.003476,107.1
1660243852.023474,106.7
1660243852.043478,107.0
1660243852.063465,107.0
1660243852.08337,106.8
1660243852.103412,106.8
1660243852.12339,107.3
1660243852.143371,107.3
1660243852.16338,110.9
1660243852.183411,105.0
1660243852.203267,107.1
1660243852.22337,106.9
1660243852.243294,108.7
1660243852.263294,105.7
1660243852.283272,106.7
1660243852.303248,106.8
1660243852.32327,106.7
1660243852.343266,106.9
1660243852.363277,106.8
1660243852.383172,106.9
1660243852.403159,106.6
1660243852.423148,108.0
1660243852.44319,106.7
1660243852.463151,106.8
1660243852.483173,106.6
1660243852.503049,106.8
1660243852.523048,107.1
1660243852.543069,108.3
1660243852.563104,106.3
1660243852.583111,106.7
1660243852.603059,107.4
1660243852.623069,106.7
1660243852.643047,106.9
1660243852.663066,109.5
1660243852.683088,106.9
1660243852.703078,128.3
1660243852.723015,131.3
1660243852.742921,128.6
1660243852.76295,111.2
1660243852.782988,117.4
1660243852.802987,106.3
1660243852.822926,111.2
1660243852.842909,113.4
1660243852.862907,105.3
1660243852.88292,102.7
1660243852.90296,108.5
1660243852.922915,108.5
1660243852.942907,105.8
1660243852.96293,103.4
1660243852.982967,107.0
1660243853.002865,106.3
1660243853.022812,105.5
1660243853.04282,106.3
1660243853.062816,107.1
1660243853.082833,106.4
1660243853.102723,106.4
1660243853.122719,106.5
1660243853.142715,105.6
1660243853.1628,106.4
1660243853.182713,105.0
1660243853.202736,106.3
1660243853.222736,105.2
1660243853.242716,105.9
1660243853.262617,105.3
1660243853.282615,104.8
1660243853.30359,106.6
1660243853.32358,105.8
1660243853.342541,106.3
1660243853.362568,105.6
1660243853.382565,105.5
1660243853.403515,105.6
1660243853.423488,105.4
1660243853.443482,105.1
1660243853.46361,106.3
1660243853.48358,105.7
1660243853.503492,107.7
1660243853.523532,107.7
1660243853.543599,106.3
1660243853.563586,106.5
1660243853.58349,107.7
1660243853.603481,106.4
1660243853.623403,105.4
1660243853.643418,104.5
1660243853.663361,105.3
1660243853.683378,106.0
1660243853.703319,105.7
1660243853.723376,104.3
1660243853.743432,107.7
1660243853.763372,105.0
1660243853.783428,106.7
1660243853.80333,106.2
1660243853.823273,105.7
1660243853.843228,106.4
1660243853.863256,106.1
1660243853.883264,106.5
1660243853.903236,106.9
1660243853.923305,107.0
1660243853.943353,105.3
1660243853.963273,107.1
1660243853.983133,105.8
1660243854.003138,107.0
1660243854.023128,106.3
1660243854.043196,105.8
1660243854.063134,105.3
1660243854.083118,106.8
1660243854.10317,105.7
1660243854.123122,106.3
1660243854.143113,105.7
1660243854.163116,106.3
1660243854.183129,106.3
1660243854.202997,105.5
1660243854.223151,106.2
1660243854.243132,105.1
1660243854.263003,105.8
1660243854.282991,105.4
1660243854.302993,109.6
1660243854.323023,108.3
1660243854.342983,106.0
1660243854.36301,106.8
1660243854.382977,106.9
1660243854.402968,107.9
1660243854.422885,107.0
1660243854.442892,107.1
1660243854.462871,107.0
1660243854.48281,106.7
1660243854.502801,107.3
1660243854.522765,107.2
1660243854.54277,108.2
1660243854.562831,106.6
1660243854.582778,106.7
1660243854.602664,107.5
1660243854.622655,106.5
1660243854.64268,109.4
1660243854.662668,106.1
1660243854.68266,106.5
1660243854.702678,106.6
1660243854.722659,106.7
1660243854.742664,106.7
1660243854.762558,106.8
1660243854.783579,106.7
1660243854.803547,106.9
1660243854.822567,106.4
1660243854.842563,107.0
1660243854.862635,108.5
1660243854.882598,105.9
1660243854.903522,106.5
1660243854.92355,106.8
1660243854.94347,106.8
1660243854.963593,107.0
1660243854.983459,106.4
1660243855.003449,106.8
1660243855.023541,107.1
1660243855.043445,106.4
1660243855.063553,106.7
1660243855.083379,109.5
1660243855.10337,106.0
1660243855.123355,107.5
1660243855.143417,106.8
1660243855.163501,107.2
1660243855.183385,107.0
1660243855.203265,107.8
1660243855.223268,107.2
1660243855.243246,107.2
1660243855.263336,107.1
1660243855.283274,107.4
1660243855.303292,110.1
1660243855.323284,106.3
1660243855.343314,107.1
1660243855.363278,107.2
1660243855.383285,107.5
1660243855.403282,107.1
1660243855.423368,106.8
1660243855.443184,107.0
1660243855.463193,108.1
1660243855.483192,105.7
1660243855.503161,107.1
1660243855.523175,106.8
1660243855.543216,107.0
1660243855.563184,106.9
1660243855.583185,107.1
1660243855.603192,108.1
1660243855.623186,105.3
1660243855.643287,106.3
1660243855.663196,106.5
1660243855.6832,106.2
1660243855.703159,106.8
1660243855.723188,109.3
1660243855.743015,111.3
1660243855.763038,107.8
1660243855.783044,112.7
1660243855.803024,107.1
1660243855.822933,107.6
1660243855.842934,111.8
1660243855.862924,107.4
1660243855.882944,106.3
1660243855.902916,106.3
1660243855.922943,105.5
1660243855.943004,106.1
1660243855.962817,106.1
1660243855.982836,105.5
1660243856.002833,106.4
1660243856.022871,107.0
1660243856.042854,106.8
1660243856.062833,106.2
1660243856.082815,105.7
1660243856.102828,105.6
1660243856.122828,105.0
1660243856.142829,106.6
1660243856.162716,106.3
1660243856.182732,105.3
1660243856.202724,106.4
1660243856.222732,105.1
1660243856.242747,105.6
1660243856.262717,105.4
1660243856.282724,105.4
1660243856.302726,106.0
1660243856.322735,105.2
1660243856.342726,105.6
1660243856.362729,106.5
1660243856.382665,105.2
1660243856.40273,106.8
1660243856.422631,107.2
1660243856.442639,105.6
1660243856.462608,105.2
1660243856.482639,105.0
1660243856.502623,106.5
1660243856.522512,104.8
1660243856.542537,107.9
1660243856.562516,105.2
1660243856.582538,106.9
1660243856.603593,107.8
1660243856.623503,106.9
1660243856.642545,106.4
1660243856.662539,107.1
1660243856.682527,106.8
1660243856.703483,106.1
1660243856.723497,106.3
1660243856.743474,106.3
1660243856.763436,106.3
1660243856.783415,106.3
1660243856.80349,106.1
1660243856.823498,106.4
1660243856.843506,106.0
1660243856.86333,106.4
1660243856.883343,105.9
1660243856.903327,106.0
1660243856.923338,105.6
1660243856.943334,106.7
1660243856.963338,105.9
1660243856.983324,106.0
1660243857.003208,106.4
1660243857.023237,105.1
1660243857.043231,106.3
1660243857.063229,106.3
1660243857.083262,104.4
1660243857.10326,107.5
1660243857.123234,105.4
1660243857.143229,105.5
1660243857.163214,108.3
1660243857.183084,106.7
1660243857.203114,106.2
1660243857.223125,106.2
1660243857.243087,105.1
1660243857.263084,104.7
1660243857.283064,106.0
1660243857.303038,105.7
1660243857.323009,106.1
1660243857.342987,105.7
1660243857.362998,106.1
1660243857.382991,106.5
1660243857.402977,112.2
1660243857.422966,121.7
1660243857.44292,112.4
1660243857.462892,101.9
1660243857.482871,106.1
1660243857.502873,107.3
1660243857.52287,106.6
1660243857.542913,106.3
1660243857.562954,107.3
1660243857.582874,108.1
1660243857.602877,108.2
1660243857.623006,106.5
1660243857.642797,106.9
1660243857.662789,106.9
1660243857.682803,106.5
1660243857.702777,106.7
1660243857.722787,105.9
1660243857.742786,106.7
1660243857.762751,107.3
1660243857.782678,110.1
1660243857.802674,105.7
1660243857.822682,106.6
1660243857.842678,106.7
1660243857.862746,106.5
1660243857.88268,106.3
1660243857.902572,107.0
1660243857.922619,107.2
1660243857.942576,106.5
1660243857.962636,110.4
1660243857.983564,105.6
1660243858.002485,107.2
1660243858.023478,107.4
1660243858.042486,108.4
1660243858.103541,106.3
1660243858.123498,106.8
1660243858.143491,109.7
1660243858.163472,107.4
1660243858.183379,106.6
1660243858.203352,106.9
1660243858.223356,106.9
1660243858.243366,107.1
1660243858.263385,106.9
1660243858.283383,106.1
1660243858.303367,106.8
1660243858.32345,108.3
1660243858.343408,106.6
1660243858.363263,106.8
1660243858.383259,106.4
1660243858.403279,106.8
1660243858.423277,106.5
1660243858.443276,106.8
1660243858.46327,106.8
1660243858.483289,106.5
1660243858.503286,107.9
1660243858.523299,106.9
1660243858.543304,106.4
1660243858.563105,106.3
1660243858.583125,106.5
1660243858.603187,106.4
1660243858.623189,107.1
1660243858.64319,106.3
1660243858.663197,107.8
1660243858.683217,108.8
1660243858.703131,108.5
1660243858.723023,110.3
1660243858.743052,112.6
1660243858.763036,113.1
1660243858.783078,109.1
1660243858.803041,106.5
1660243858.823029,114.4
1660243858.842918,107.0
1660243858.862948,102.5
1660243858.882999,106.8
1660243858.902927,104.5
1660243858.922842,108.0
1660243858.942829,106.1
1660243858.96285,103.4
1660243858.982921,106.5
1660243859.002852,105.4
1660243859.022837,105.9
1660243859.042824,106.1
1660243859.06274,106.2
1660243859.082769,105.4
1660243859.102779,106.2
1660243859.122757,103.9
1660243859.142713,106.9
1660243859.162738,104.5
1660243859.18272,106.1
1660243859.202741,106.4
1660243859.22282,105.8
1660243859.242727,107.6
1660243859.262728,108.1
1660243859.282631,105.2
1660243859.302638,104.2
1660243859.322631,107.3
1660243859.342617,106.1
1660243859.362624,105.8
1660243859.38263,106.9
1660243859.40263,106.0
1660243859.422636,105.4
1660243859.442646,106.1
1660243859.462529,107.1
1660243859.482557,105.7
1660243859.50256,106.2
1660243859.522518,104.8
1660243859.542516,105.7
1660243859.562519,106.9
1660243859.583407,107.2
1660243859.603496,106.7
1660243859.623551,107.1
1660243859.6425,107.2
1660243859.662455,107.3
1660243859.682338,106.1
1660243859.703508,105.6
1660243859.723417,105.8
1660243859.74333,106.4
1660243859.7633,106.5
1660243859.783324,104.9
1660243859.803344,106.5
1660243859.823314,104.7
1660243859.843308,106.8
1660243859.86332,104.7
1660243859.883335,106.7
1660243859.903325,106.6
1660243859.923312,104.7
1660243859.943216,106.1
1660243859.963233,105.2
1660243859.983177,105.4
1660243860.003174,106.0
1660243860.023184,106.1
1660243860.043169,105.5
1660243860.063074,106.0
1660243860.083066,105.8
1660243860.103197,106.0
1660243860.123041,105.7
1660243860.143068,104.9
1660243860.163095,107.2
1660243860.183008,104.2
1660243860.202976,106.8
1660243860.222976,105.5
1660243860.243086,106.3
1660243860.26287,104.6
1660243860.282863,106.6
1660243860.302875,105.5
1660243860.322884,105.8
1660243860.342866,103.7
1660243860.362861,106.7
1660243860.382887,104.4
1660243860.402898,106.1
1660243860.422899,105.6
1660243860.442873,105.1
1660243860.462862,106.3
1660243860.482848,106.2
1660243860.502906,126.2
1660243860.522766,118.5
1660243860.542778,99.7
1660243860.562763,103.9
1660243860.58276,108.4
1660243860.602928,107.7
1660243860.622799,106.2
1660243860.642697,106.9
1660243860.66279,107.4
1660243860.682714,107.9
1660243860.702908,106.7
1660243860.722689,109.6
1660243860.742684,105.9
1660243860.76267,107.9
1660243860.782664,107.2
1660243860.80267,107.9
1660243860.822698,107.0
1660243860.842688,108.6
1660243860.862668,108.1
1660243860.882668,108.0
1660243860.902608,107.0
1660243860.922582,107.6
1660243860.942612,107.2
1660243860.962595,107.9
1660243860.982637,107.4
1660243861.002622,106.4
1660243861.022575,107.8
1660243861.04247,108.5
1660243861.062468,106.0
1660243861.082473,106.9
1660243861.102472,107.7
1660243861.122523,107.5
1660243861.142517,106.3
1660243861.162472,106.9
1660243861.183544,108.8
1660243861.203378,106.1
1660243861.223377,106.4
1660243861.243358,106.7
1660243861.263356,106.6
1660243861.28346,107.0
1660243861.303389,106.5
1660243861.323467,107.1
1660243861.343364,106.7
1660243861.363348,106.5
1660243861.38345,106.6
1660243861.403428,106.1
1660243861.42347,106.4
1660243861.443469,106.2
1660243861.463408,107.3
1660243861.483526,107.3
1660243861.503335,107.1
1660243861.523409,106.3
1660243861.543318,106.7
1660243861.563326,106.3
1660243861.583266,106.3
1660243861.603211,106.3
1660243861.623345,106.1
1660243861.643368,107.4
1660243861.663244,107.2
1660243861.683274,106.7
1660243861.703112,106.5
1660243861.72319,107.4
1660243861.743173,106.8
1660243861.763144,106.5
1660243861.783125,106.3
1660243861.803128,107.0
1660243861.823126,113.2
1660243861.843126,109.3
1660243861.863136,111.2
1660243861.883028,112.0
1660243861.903028,112.5
1660243861.923028,106.7
1660243861.94307,108.9
1660243861.96308,107.0
1660243861.983026,105.1
1660243862.003083,105.6
1660243862.022977,105.5
1660243862.042899,106.4
1660243862.062986,105.1
1660243862.083069,106.8
1660243862.103014,106.3
1660243862.122881,106.2
1660243862.142947,106.1
1660243862.162814,107.6
1660243862.182831,106.6
1660243862.202807,106.3
1660243862.222867,105.2
1660243862.242917,104.5
1660243862.262872,106.6
1660243862.282876,106.5
1660243862.302817,105.5
1660243862.322928,105.2
1660243862.342724,106.2
1660243862.362725,105.8
1660243862.382816,104.4
1660243862.402646,105.4
1660243862.422676,104.8
1660243862.442636,105.2
1660243862.462632,106.0
1660243862.482564,105.7
1660243862.502575,105.6
1660243862.522577,105.4
1660243862.542527,105.3
1660243862.562524,105.3
1660243862.582598,106.8
1660243862.602682,106.0
1660243862.622579,103.4
1660243862.642532,106.2
1660243862.662702,104.7
1660243862.683585,105.6
1660243862.70365,105.8
1660243862.723534,104.7
1660243862.743499,108.3
1660243862.763483,106.3
1660243862.783537,105.7
1660243862.803556,104.8
1660243862.823465,107.6
1660243862.843588,105.9
1660243862.863597,106.0
1660243862.883452,104.4
1660243862.903503,106.7
1660243862.923372,105.7
1660243862.943435,105.4
1660243862.963449,105.9
1660243862.983393,104.7
1660243863.003416,107.2
1660243863.023423,105.2
1660243863.043278,105.5
1660243863.063268,105.4
1660243863.083272,107.6
1660243863.103193,106.5
1660243863.123129,106.0
1660243863.143118,106.6
1660243863.163108,106.8
1660243863.183176,105.8
1660243863.203176,103.5
1660243863.223152,106.9
1660243863.243077,104.1
1660243863.263065,106.5
1660243863.283112,105.0
1660243863.303069,106.5
1660243863.323051,105.4
1660243863.343077,106.3
1660243863.363048,106.2
1660243863.382985,106.0
1660243863.402936,105.3
1660243863.422986,106.0
1660243863.442978,105.6
1660243863.462977,105.7
1660243863.482868,105.9
1660243863.502918,106.3
1660243863.522874,106.4
1660243863.542831,106.0
1660243863.562892,107.2
1660243863.582987,106.1
1660243863.603056,105.1
1660243863.622946,105.4
1660243863.642921,105.4
1660243863.662924,105.3
1660243863.682924,109.5
1660243863.70294,106.2
1660243863.722927,106.3
1660243863.742853,106.4
1660243863.7629,106.9
1660243863.782847,106.6
1660243863.802846,106.6
1660243863.822804,108.6
1660243863.842796,105.8
1660243863.862767,106.6
1660243863.882726,108.6
1660243863.902703,108.7
1660243863.922678,105.7
1660243863.942663,106.3
1660243863.962711,106.5
1660243863.982678,106.5
1660243864.002688,106.6
1660243864.022672,106.8
1660243864.042614,106.6
1660243864.062668,108.5
1660243864.082668,107.6
1660243864.102501,107.4
1660243864.122516,106.2
1660243864.142577,106.4
1660243864.162485,107.0
1660243864.183459,107.2
1660243864.203418,107.0
1660243864.22233,107.0
1660243864.24236,105.8
1660243864.262306,107.2
1660243864.283335,109.2
1660243864.303273,105.8
1660243864.323322,106.8
1660243864.343296,106.6
1660243864.363284,106.7
1660243864.383212,106.8
1660243864.403173,106.4
1660243864.42323,106.3
1660243864.443172,106.5
1660243864.463178,110.3
1660243864.483212,106.0
1660243864.503155,106.8
1660243864.52311,107.1
1660243864.54314,106.6
1660243864.563103,107.0
1660243864.583005,106.5
1660243864.603026,106.1
1660243864.623031,106.7
1660243864.643029,109.6
1660243864.663006,104.9
1660243864.683,106.1
1660243864.702988,106.8
1660243864.722932,107.0
1660243864.742916,108.1
1660243864.76293,107.9
1660243864.782833,107.9
1660243864.802889,107.8
1660243864.82282,111.3
1660243864.842848,107.7
1660243864.862845,106.9
1660243864.882832,106.3
1660243864.90289,106.5
1660243864.922759,107.1
1660243864.942772,107.0
1660243864.962766,106.7
1660243864.982826,109.4
1660243865.002834,106.5
1660243865.022818,104.6
1660243865.042879,105.6
1660243865.062727,107.1
1660243865.082718,106.4
1660243865.102716,106.5
1660243865.122782,106.9
1660243865.142736,106.6
1660243865.162744,112.2
1660243865.18261,112.0
1660243865.202672,116.1
1660243865.222616,110.8
1660243865.242636,113.9
1660243865.262718,105.5
1660243865.28263,107.7
1660243865.302619,106.4
1660243865.322675,106.1
1660243865.342629,105.5
1660243865.362529,104.7
1660243865.382525,106.3
1660243865.402509,106.9
1660243865.422499,105.8
1660243865.442503,104.1
1660243865.462545,105.7
1660243865.482526,105.4
1660243865.502524,105.9
1660243865.522504,105.6
1660243865.542525,105.4
1660243865.56251,106.3
1660243865.582537,105.4
1660243865.602362,105.1
1660243865.622363,105.2
1660243865.642363,105.8
1660243865.663452,105.4
1660243865.682384,105.7
1660243865.702375,106.7
1660243865.722316,104.9
1660243865.742273,105.8
1660243865.763245,104.9
1660243865.78323,107.1
1660243865.803265,104.7
1660243865.823267,106.5
1660243865.843233,105.0
1660243865.863224,106.1
1660243865.883121,104.6
1660243865.903124,105.5
1660243865.923121,106.3
1660243865.943125,106.7
1660243865.963175,107.9
1660243865.983132,107.2
1660243866.003129,107.7
1660243866.023131,111.5
1660243866.043112,104.7
1660243866.063036,106.6
1660243866.083131,106.3
1660243866.103129,106.2
1660243866.123048,107.0
1660243866.142956,106.4
1660243866.162999,106.5
1660243866.18298,106.5
1660243866.202973,106.6
1660243866.222989,106.3
1660243866.242959,104.6
1660243866.262858,107.3
1660243866.282885,106.2
1660243866.30288,104.8
1660243866.322874,106.9
1660243866.34287,106.0
1660243866.362867,105.5
1660243866.382757,106.8
1660243866.402765,105.5
1660243866.422756,106.7
1660243866.442766,105.6
1660243866.462779,106.2
1660243866.48276,106.6
1660243866.50277,104.9
1660243866.522865,106.3
1660243866.542784,106.3
1660243866.562762,105.8
1660243866.582835,106.7
1660243866.602835,105.4
1660243866.622838,106.4
1660243866.642665,104.9
1660243866.662737,113.6
1660243866.682674,109.8
1660243866.702676,105.3
1660243866.722673,107.0
1660243866.742672,107.3
1660243866.762558,106.7
1660243866.782549,107.5
1660243866.80257,106.8
1660243866.82257,106.9
1660243866.842561,106.8
1660243866.862555,106.8
1660243866.882586,109.6
1660243866.902628,105.4
1660243866.922581,106.6
1660243866.942585,106.7
1660243866.962606,107.0
1660243866.98259,108.4
1660243867.002416,106.1
1660243867.0224,106.7
1660243867.042407,108.4
1660243867.062407,107.3
1660243867.082322,108.3
1660243867.102387,106.9
1660243867.122314,106.4
1660243867.142403,106.8
1660243867.163388,106.4
1660243867.182354,107.5
1660243867.202319,108.3
1660243867.222316,105.9
1660243867.242315,107.1
1660243867.263285,107.1
1660243867.283323,106.8
1660243867.302364,106.3
1660243867.322329,106.5
1660243867.342328,110.1
1660243867.362325,107.2
1660243867.383291,107.1
1660243867.403254,108.9
1660243867.423232,106.3
1660243867.44322,106.8
1660243867.463211,107.1
1660243867.483186,109.9
1660243867.503196,106.3
1660243867.523194,106.5
1660243867.543222,107.2
1660243867.563191,107.1
1660243867.58318,107.3
1660243867.603172,107.0
1660243867.623187,107.0
1660243867.643139,107.1
1660243867.663209,108.2
1660243867.683138,106.5
1660243867.703251,106.6
1660243867.72317,106.7
1660243867.743209,107.0
1660243867.76305,106.5
1660243867.783028,107.3
1660243867.803098,107.4
1660243867.823152,111.3
1660243867.843056,107.8
1660243867.86303,106.7
1660243867.883042,108.1
1660243867.903032,106.2
1660243867.922929,106.8
1660243867.94304,109.9
1660243867.962889,108.7
1660243867.982946,119.7
1660243868.002916,117.2
1660243868.02291,114.9
1660243868.042857,127.6
1660243868.06283,131.8
1660243868.082824,146.2
1660243868.10284,122.9
1660243868.122878,135.1
1660243868.142826,139.9
1660243868.16286,117.0
1660243868.182717,125.9
1660243868.202723,134.2
1660243868.222736,118.2
1660243868.242724,111.2
1660243868.262754,125.1
1660243868.28277,110.8
1660243868.302776,101.9
1660243868.322702,111.6
1660243868.342739,123.6
1660243868.362712,121.0
1660243868.382609,116.3
1660243868.40261,112.1
1660243868.422626,104.6
1660243868.442639,104.4
1660243868.462644,106.0
1660243868.48262,108.2
1660243868.502622,106.3
1660243868.5225,105.9
1660243868.542615,106.9
1660243868.562638,118.0
1660243868.582502,118.1
1660243868.602496,117.7
1660243868.622475,108.3
1660243868.642492,103.2
1660243868.662474,105.8
1660243868.682495,106.9
1660243868.702362,105.2
1660243868.722364,105.4
1660243868.742362,106.3
1660243868.762359,106.3
1660243868.782359,107.2
1660243868.802371,112.3
1660243868.822262,106.0
1660243868.843354,111.0
1660243868.86331,110.6
1660243868.883256,104.7
1660243868.902273,104.4
1660243868.922331,107.7
1660243868.94227,114.2
1660243868.963282,107.4
1660243868.983278,104.0
1660243869.002281,106.4
1660243869.022271,106.6
1660243869.042272,110.8
1660243869.062274,108.7
1660243869.08325,103.0
1660243869.103241,106.7
1660243869.123224,106.6
1660243869.14313,106.9
1660243869.163144,105.7
1660243869.18316,107.0
1660243869.203242,107.0
1660243869.22326,106.5
1660243869.243194,107.0
1660243869.263116,107.2
1660243869.283089,109.0
1660243869.303266,107.4
1660243869.323194,106.9
1660243869.342969,107.5
1660243869.362968,105.5
1660243869.382962,106.3
1660243869.403035,104.5
1660243869.422976,106.6
1660243869.443038,106.3
1660243869.462914,106.5
1660243869.482936,107.6
1660243869.502863,108.8
1660243869.522841,106.5
1660243869.542834,108.2
1660243869.562884,106.8
1660243869.582884,106.3
1660243869.602892,106.1
1660243869.623005,105.7
1660243869.642765,104.7
1660243869.662809,107.1
1660243869.682816,106.8
1660243869.702818,106.9
1660243869.722767,108.2
1660243869.742768,109.6
1660243869.762771,106.6
1660243869.782764,106.6
1660243869.802748,107.6
1660243869.822656,118.8
1660243869.842753,107.8
1660243869.862785,101.5
1660243869.882694,107.2
1660243869.902656,110.6
1660243869.922758,107.3
1660243869.942802,106.8
1660243869.962808,106.3
1660243869.982875,105.9
1660243870.002796,106.6
1660243870.02261,107.7
1660243870.042535,106.6
1660243870.062582,105.9
1660243870.082533,106.9
1660243870.10251,110.8
1660243870.122536,114.3
1660243870.142526,105.2
1660243870.162517,106.9
1660243870.182534,107.4
1660243870.20252,109.1
1660243870.222582,106.9
1660243870.242514,108.5
1660243870.262527,107.0
1660243870.282427,106.9
1660243870.302452,106.1
1660243870.322462,106.1
1660243870.342462,106.3
1660243870.362433,106.3
1660243870.38243,106.0
1660243870.402437,105.1
1660243870.422432,107.5
1660243870.442486,107.9
1660243870.462342,108.1
1660243870.48232,106.5
1660243870.502361,106.6
1660243870.522427,107.2
1660243870.542331,106.0
1660243870.562389,105.8
1660243870.582399,105.0
1660243870.602444,107.0
1660243870.622295,112.7
1660243870.642384,109.6
1660243870.662278,107.9
1660243870.683337,112.1
1660243870.703369,105.9
1660243870.723273,104.7
1660243870.743215,107.5
1660243870.762153,106.9
1660243870.783173,107.6
1660243870.803243,106.8
1660243870.823345,109.2
1660243870.843164,107.2
1660243870.863104,108.1
1660243870.883067,108.9
1660243870.903024,106.1
1660243870.922958,106.5
1660243870.943052,106.3
1660243870.963052,106.6
1660243870.983162,109.1
1660243871.003053,106.5
1660243871.023065,104.2
1660243871.042981,107.5
1660243871.063126,107.3
1660243871.083006,107.1
1660243871.102959,106.9
1660243871.122938,106.6
1660243871.142952,116.2
1660243871.162901,119.2
1660243871.182896,106.2
1660243871.202898,124.5
1660243871.2229,138.9
1660243871.242941,126.2
1660243871.262988,121.1
1660243871.282871,124.4
1660243871.302831,131.8
1660243871.322883,114.5
1660243871.342833,113.2
1660243871.362956,120.9
1660243871.382955,125.6
1660243871.402846,128.3
1660243871.422869,101.7
1660243871.442868,112.2
1660243871.462924,113.0
1660243871.482906,105.3
1660243871.502725,106.5
1660243871.522817,111.3
1660243871.542739,131.8
1660243871.562726,123.3
1660243871.58272,131.7
1660243871.602743,131.0
1660243871.622783,110.7
1660243871.642765,117.7
1660243871.662732,108.2
1660243871.682728,105.5
1660243871.702743,105.8
1660243871.72275,107.7
1660243871.742732,109.7
1660243871.76282,110.1
1660243871.782797,107.5
1660243871.802759,113.4
1660243871.82274,106.7
1660243871.842758,106.6
1660243871.862712,117.5
1660243871.88265,120.4
1660243871.902656,116.5
1660243871.922666,112.7
1660243871.942658,117.4
1660243871.962668,114.6
1660243871.982594,116.2
1660243872.002582,118.8
1660243872.022584,118.5
1660243872.042657,118.6
1660243872.062478,120.1
1660243872.082477,117.6
1660243872.102508,110.8
1660243872.122478,103.0
1660243872.142475,113.1
1660243872.162518,129.5
1660243872.182373,118.2
1660243872.202395,108.5
1660243872.222386,104.9
1660243872.24238,105.7
1660243872.262384,107.9
1660243872.282381,111.4
1660243872.302379,106.1
1660243872.322386,106.1
1660243872.342377,106.7
1660243872.362434,106.5
1660243872.382348,106.9
1660243872.402361,106.5
1660243872.422374,107.0
1660243872.442286,107.2
1660243872.462198,106.6
1660243872.482283,107.0
1660243872.502181,107.6
1660243872.522224,108.1
1660243872.542236,106.6
1660243872.562181,106.3
1660243872.582275,106.7
1660243872.603195,106.4
1660243872.623216,106.8
1660243872.643248,106.6
1660243872.662136,106.5
1660243872.682166,106.9
1660243872.703218,106.8
1660243872.723134,107.2
1660243872.743093,108.2
1660243872.762119,107.3
1660243872.782131,106.9
1660243872.803096,106.5
1660243872.82315,106.8
1660243872.843109,107.3
1660243872.862096,106.5
1660243872.883098,106.8
1660243872.903093,107.0
1660243872.923098,106.7
1660243872.943104,109.9
1660243872.963118,106.5
1660243872.983108,106.4
1660243873.0021,106.0
1660243873.023092,106.0
1660243873.043164,106.7
1660243873.062997,105.5
1660243873.083052,110.0
1660243873.10306,113.7
1660243873.123121,105.8
1660243873.143045,108.4
1660243873.162988,109.2
1660243873.182978,105.8
1660243873.202964,105.6
1660243873.223011,106.9
1660243873.24298,106.3
1660243873.262921,105.2
1660243873.283046,107.3
1660243873.302949,105.7
1660243873.322944,107.3
1660243873.342976,106.7
1660243873.362836,107.1
1660243873.382853,106.5
1660243873.402796,104.6
1660243873.422796,107.2
1660243873.442822,106.4
1660243873.462817,105.3
1660243873.482875,107.3
1660243873.502828,105.3
1660243873.522827,107.2
1660243873.542879,106.9
1660243873.562851,108.8
1660243873.582761,109.0
1660243873.602901,105.9
1660243873.622814,106.3
1660243873.642816,109.6
1660243873.662821,106.9
1660243873.682881,107.0
1660243873.702751,106.5
1660243873.72273,107.0
1660243873.742734,114.8
1660243873.762737,116.0
1660243873.782637,109.9
1660243873.802736,120.1
1660243873.822759,114.0
1660243873.842599,107.3
1660243873.862589,119.4
1660243873.922574,124.7
1660243873.942546,118.1
1660243873.962518,112.3
1660243873.982506,118.5
1660243874.002529,118.1
1660243874.022453,118.3
1660243874.042447,118.9
1660243874.062482,118.4
1660243874.082483,111.7
1660243874.102372,104.1
1660243874.122499,107.5
1660243874.142453,115.7
1660243874.162455,131.3
1660243874.182364,117.4
1660243874.202382,115.5
1660243874.222429,119.2
1660243874.242347,111.0
1660243874.26227,101.8
1660243874.28227,108.2
1660243874.302274,107.3
1660243874.322307,111.1
1660243874.342305,115.9
1660243874.362287,108.1
1660243874.382331,106.0
1660243874.402255,106.3
1660243874.42225,106.9
1660243874.442258,106.8
1660243874.462166,107.2
1660243874.482184,107.7
1660243874.502178,108.9
1660243874.523195,106.7
1660243874.543213,107.2
1660243874.56308,110.0
1660243874.582047,106.2
1660243874.602142,106.5
1660243874.623107,107.1
1660243874.643128,106.7
1660243874.663147,107.0
1660243874.683146,107.0
1660243874.703155,107.9
1660243874.723106,109.4
1660243874.743086,107.5
1660243874.763144,110.3
1660243874.783114,106.6
1660243874.803016,108.0
1660243874.822968,106.6
1660243874.84296,115.2
1660243874.863106,125.4
1660243874.882966,111.3
1660243874.903005,102.4
1660243874.923033,107.8
1660243874.943062,108.0
1660243874.963125,109.5
1660243874.982924,107.3
1660243875.003013,107.4
1660243875.022922,106.7
1660243875.042967,107.3
1660243875.062967,107.2
1660243875.082913,107.2
1660243875.10298,107.5
1660243875.123049,107.3
1660243875.14292,107.6
1660243875.162902,109.9
1660243875.182901,106.8
1660243875.202815,106.7
1660243875.222918,106.8
1660243875.242767,107.3
1660243875.262793,107.2
1660243875.282782,107.6
1660243875.302759,107.3
1660243875.322806,108.1
1660243875.342671,108.9
1660243875.362694,109.5
1660243875.382698,106.6
1660243875.402682,113.6
1660243875.422667,108.0
1660243875.442582,105.9
1660243875.462628,106.9
1660243875.482555,107.2
1660243875.502501,107.2
1660243875.522572,107.3
1660243875.542475,111.3
1660243875.562588,106.0
1660243875.582507,107.4
1660243875.602554,108.5
1660243875.622483,106.7
1660243875.642438,107.3
1660243875.662474,107.8
1660243875.682571,107.1
1660243875.702512,107.7
1660243875.722492,107.3
1660243875.742436,109.4
1660243875.76252,106.8
1660243875.782418,107.5
1660243875.802412,108.7
1660243875.822463,107.3
1660243875.842416,108.5
1660243875.862432,106.5
1660243875.882331,106.7
1660243875.902372,107.5
1660243875.922316,110.1
1660243875.942362,107.4
1660243875.96236,107.0
1660243875.982207,107.0
1660243876.002289,117.3
1660243876.022344,116.4
1660243876.042256,138.8
1660243876.06226,111.5
1660243876.082247,99.7
1660243876.102331,107.6
1660243876.122369,111.3
1660243876.142104,106.3
1660243876.162095,107.8
1660243876.182119,108.4
1660243876.202259,109.0
1660243876.223184,107.6
1660243876.242199,107.4
1660243876.262178,107.0
1660243876.282103,107.4
1660243876.301996,110.8
1660243876.323,106.0
1660243876.343049,107.1
1660243876.363005,114.2
1660243876.383001,105.9
1660243876.403056,106.8
1660243876.423004,107.4
1660243876.442892,107.6
1660243876.462903,107.2
1660243876.482905,110.2
1660243876.502805,105.9
1660243876.522856,107.4
1660243876.542849,108.0
1660243876.562876,106.9
1660243876.582785,107.9
1660243876.602803,108.4
1660243876.622676,118.2
1660243876.64276,120.3
1660243876.662767,111.4
1660243876.682706,102.9
1660243876.702694,107.6
1660243876.722718,107.6
1660243876.742687,108.3
1660243876.762604,107.4
1660243876.782703,108.5
1660243876.802644,108.4
1660243876.822612,111.7
1660243876.842628,107.1
1660243876.862615,107.3
1660243876.8826,108.2
1660243876.902653,107.0
1660243876.922547,107.9
1660243876.942652,107.7
1660243876.962627,107.1
1660243876.982621,109.0
1660243877.002638,109.0
1660243877.022495,106.4
1660243877.042494,107.4
1660243877.062544,107.0
1660243877.082518,110.7
1660243877.102512,112.0
1660243877.122448,105.4
1660243877.142451,106.7
1660243877.162486,108.5
1660243877.182451,108.5
1660243877.20234,106.8
1660243877.222439,106.8
1660243877.242401,108.2
1660243877.262354,106.1
1660243877.28231,106.5
1660243877.302414,106.9
1660243877.322368,107.9
1660243877.342251,107.4
1660243877.362248,107.4
1660243877.382394,106.5
1660243877.402246,109.3
1660243877.42226,108.3
1660243877.442266,106.7
1660243877.462256,107.2
1660243877.482184,109.0
1660243877.502159,106.3
1660243877.522155,107.1
1660243877.542211,109.6
1660243877.562144,106.3
1660243877.582152,108.3
1660243877.602217,108.8
1660243877.62221,106.5
1660243877.642222,107.9
1660243877.662197,109.0
1660243877.682273,106.1
1660243877.702198,106.9
1660243877.722191,106.9
1660243877.742273,106.5
1660243877.76227,106.9
1660243877.782176,107.2
1660243877.802164,108.3
1660243877.823091,108.5
1660243877.843264,109.2
1660243877.862216,107.7
1660243877.882108,106.6
1660243877.902226,106.8
1660243877.922112,106.8
1660243877.943056,107.1
1660243877.963091,107.8
1660243877.982968,107.8
1660243878.00307,108.7
1660243878.02307,108.8
1660243878.043084,108.8
1660243878.062978,107.7
1660243878.082882,110.2
1660243878.102871,107.0
1660243878.122916,108.0
1660243878.142912,107.2
1660243878.162969,108.3
1660243878.182898,108.3
1660243878.203084,109.3
1660243878.222977,106.5
1660243878.242873,107.3
1660243878.263002,108.0
1660243878.282834,106.1
1660243878.302826,106.7
1660243878.322773,106.7
1660243878.34277,106.6
1660243878.362765,107.8
1660243878.382805,109.3
1660243878.402863,106.2
1660243878.422881,106.9
1660243878.442757,107.1
1660243878.462766,107.1
1660243878.482774,106.7
1660243878.502777,108.3
1660243878.522703,106.3
1660243878.542802,107.5
1660243878.562662,107.5
1660243878.582696,107.1
1660243878.60267,114.0
1660243878.622663,106.7
1660243878.64256,106.3
1660243878.662567,107.2
1660243878.682666,107.2
1660243878.702493,106.9
1660243878.722494,109.0
1660243878.742503,106.5
1660243878.762499,106.8
1660243878.782499,107.2
1660243878.802502,108.0
1660243878.822404,106.8
1660243878.842405,108.0
1660243878.862395,107.3
1660243878.882398,109.6
1660243878.902396,106.3
1660243878.922404,106.9
1660243878.942412,107.0
1660243878.962368,107.0
1660243878.982364,106.7
1660243879.002388,107.3
1660243879.022359,107.7
1660243879.042376,106.8
1660243879.062266,109.9
1660243879.082372,106.4
1660243879.102365,108.4
1660243879.122242,106.7
1660243879.142388,107.6
1660243879.162217,106.8
1660243879.1823,107.7
1660243879.202278,107.4
1660243879.222278,109.6
1660243879.242191,106.7
1660243879.262189,108.4
1660243879.282204,106.9
1660243879.30219,110.5
1660243879.322241,106.8
1660243879.342144,108.1
1660243879.36222,107.1
1660243879.382151,110.5
1660243879.402118,106.1
1660243879.422173,107.1
1660243879.442192,109.0
1660243879.462122,112.0
1660243879.482117,106.8
1660243879.502009,114.0
1660243879.523018,115.3
1660243879.543017,126.3
1660243879.563031,121.3
1660243879.58302,121.5
1660243879.603038,121.3
1660243879.623034,111.7
1660243879.64302,103.4
1660243879.662985,103.8
1660243879.682921,107.0
1660243879.702914,106.3
1660243879.722986,101.5
1660243879.742994,106.8
1660243879.762991,105.6
1660243879.782912,128.3
1660243879.802912,132.3
1660243879.822913,123.3
1660243879.842916,127.2
1660243879.862942,136.8
1660243879.88291,130.1
1660243879.902843,163.0
1660243879.922822,201.5
1660243879.942805,155.3
1660243879.962826,105.0
1660243879.982833,125.9
1660243880.00275,157.4
1660243880.02282,156.8
1660243880.042824,125.9
1660243880.062729,121.6
1660243880.082702,117.5
1660243880.102652,119.4
1660243880.122774,118.3
1660243880.142651,110.2
1660243880.162636,102.5
1660243880.182644,108.3
1660243880.202612,107.6
1660243880.222627,107.7
1660243880.242609,107.1
1660243880.262562,107.0
1660243880.28263,107.1
1660243880.302562,106.8
1660243880.322549,107.0
1660243880.34253,106.3
1660243880.36255,107.8
1660243880.382547,114.2
1660243880.402544,106.8
1660243880.422536,105.0
1660243880.442429,108.8
1660243880.462529,109.4
1660243880.482464,106.9
1660243880.50235,109.3
1660243880.522368,106.9
1660243880.542355,107.9
1660243880.562362,121.2
1660243880.582357,210.4
1660243880.602368,108.0
1660243880.622356,83.0
1660243880.642373,116.3
1660243880.662268,117.1
1660243880.682257,104.2
1660243880.702263,105.9
1660243880.722269,108.0
1660243880.742256,108.2
1660243880.762255,108.0
1660243880.782256,106.7
1660243880.802149,107.3
1660243880.822148,107.2
1660243880.842146,108.6
1660243880.862141,106.4
1660243880.882174,107.0
1660243880.902173,107.2
1660243880.922054,107.3
1660243880.943056,107.1
1660243880.963079,106.8
1660243880.982048,107.3
1660243881.002062,106.3
1660243881.023173,115.3
1660243881.043092,134.2
1660243881.063076,143.6
1660243881.083106,127.4
1660243881.102084,113.8
1660243881.122077,146.0
1660243881.142989,151.7
1660243881.162972,147.5
1660243881.182929,140.5
1660243881.202928,122.6
1660243881.222938,129.2
1660243881.242924,132.9
1660243881.26286,152.1
1660243881.282878,152.2
1660243881.302864,141.5
1660243881.322879,137.9
1660243881.342934,150.9
1660243881.362787,139.3
1660243881.382772,121.1
1660243881.402819,125.9
1660243881.422849,122.2
1660243881.442762,130.1
1660243881.462771,114.1
1660243881.482764,121.8
1660243881.502773,126.7
1660243881.522688,114.1
1660243881.542666,111.6
1660243881.562678,116.1
1660243881.582658,114.7
1660243881.602661,115.9
1660243881.622723,114.9
1660243881.642551,118.3
1660243881.66255,105.5
1660243881.682561,103.4
1660243881.702568,107.2
1660243881.722565,106.5
1660243881.742565,106.6
1660243881.762474,105.0
1660243881.782469,106.6
1660243881.8025,105.5
1660243881.822483,105.6
1660243881.842481,107.0
1660243881.86247,106.6
1660243881.882484,106.5
1660243881.90248,106.5
1660243881.92247,107.7
1660243881.942413,107.2
1660243881.962478,106.3
1660243881.982486,106.3
1660243882.002382,106.1
1660243882.022384,106.5
1660243882.042424,106.1
1660243882.06231,107.5
1660243882.082307,107.0
1660243882.102312,106.6
1660243882.122315,106.7
1660243882.142297,106.3
1660243882.162325,106.2
1660243882.182312,105.6
1660243882.202212,106.7
1660243882.222198,105.4
1660243882.24221,106.5
1660243882.262225,105.3
1660243882.282156,107.1
1660243882.303146,105.9
1660243882.323119,105.6
1660243882.342131,104.3
1660243882.362114,106.9
1660243882.382105,103.9
1660243882.403128,107.3
1660243882.423114,104.2
1660243882.442151,107.9
1660243882.462124,108.0
1660243882.482125,137.4
1660243882.502138,151.9
1660243882.523154,193.8
1660243882.542184,173.0
1660243882.562161,111.8
1660243882.582167,123.5
1660243882.601984,134.5
1660243882.623064,132.5
1660243882.643039,130.1
1660243882.661985,133.6
1660243882.68196,136.3
1660243882.701954,129.8
1660243882.721979,131.4
1660243882.74303,141.4
1660243882.762923,144.4
1660243882.782851,142.1
1660243882.80288,136.1
1660243882.822889,131.9
1660243882.842749,139.1
1660243882.862805,139.7
1660243882.88281,139.7
1660243882.902767,139.9
1660243882.922762,138.2
1660243882.942737,139.6
1660243882.962734,130.9
1660243882.982695,124.8
1660243883.002859,126.7
1660243883.022684,137.1
1660243883.042672,139.1
1660243883.062655,143.8
1660243883.082667,135.3
1660243883.102655,133.2
1660243883.122639,130.7
1660243883.142566,123.3
1660243883.162588,125.4
1660243883.182543,121.1
1660243883.202539,111.7
1660243883.222526,114.5
1660243883.24247,118.8
1660243883.262539,119.2
1660243883.282576,118.0
1660243883.302477,117.9
1660243883.322475,116.6
1660243883.342499,115.0
1660243883.362447,117.9
1660243883.382449,118.8
1660243883.402384,118.8
1660243883.422439,112.9
1660243883.442338,115.9
1660243883.462334,123.6
1660243883.48237,116.1
1660243883.502331,116.0
1660243883.522334,116.9
1660243883.542367,118.5
1660243883.562369,120.5
1660243883.582407,119.5
1660243883.602371,114.8
1660243883.622434,117.9
1660243883.64239,116.2
1660243883.66247,118.0
1660243883.682384,116.4
1660243883.702154,117.7
1660243883.722172,117.7
1660243883.742155,122.5
1660243883.762175,130.1
1660243883.782163,124.0
1660243883.802269,129.4
1660243883.822151,125.6
1660243883.842203,124.0
1660243883.862177,126.4
1660243883.882152,130.2
1660243883.902287,123.4
1660243883.922189,116.1
1660243883.942105,115.6
1660243883.962019,117.3
1660243883.982069,116.0
1660243884.0021,117.1
1660243884.022034,125.7
1660243884.041933,129.0
1660243884.062022,121.9
1660243884.081947,114.3
1660243884.102939,116.7
1660243884.122919,120.7
1660243884.143016,127.1
1660243884.162999,127.1
1660243884.182993,117.3
1660243884.201812,114.8
1660243884.222888,118.5
1660243884.242922,115.6
1660243884.26277,116.5
1660243884.282759,117.8
1660243884.30276,124.1
1660243884.322816,124.8
1660243884.342814,123.0
1660243884.362765,125.4
1660243884.382773,125.0
1660243884.402812,113.4
1660243884.422673,99.6
1660243884.442718,105.8
1660243884.462783,107.7
1660243884.482682,106.3
1660243884.50271,106.9
1660243884.522725,106.6
1660243884.542612,106.1
1660243884.562627,119.4
1660243884.582607,118.8
1660243884.602606,116.7
1660243884.622683,115.4
1660243884.642638,118.5
1660243884.662686,118.1
1660243884.682525,116.7
1660243884.702618,118.3
1660243884.722542,110.4
1660243884.742665,104.5
1660243884.762618,107.3
1660243884.782614,109.5
1660243884.802519,105.7
1660243884.822516,106.2
1660243884.842441,106.2
1660243884.862519,106.3
1660243884.88253,105.2
1660243884.90262,107.1
1660243884.922498,105.5
1660243884.942473,103.8
1660243884.962445,106.9
1660243884.982417,101.6
1660243885.002438,106.5
1660243885.022455,103.8
1660243885.042464,106.4
1660243885.062395,103.8
1660243885.082457,107.4
1660243885.102315,105.0
1660243885.122408,107.9
1660243885.142456,103.1
1660243885.16239,107.9
1660243885.182452,107.0
1660243885.202336,107.1
1660243885.222313,105.6
1660243885.242327,105.1
1660243885.262266,106.5
1660243885.282214,103.5
1660243885.302242,107.1
1660243885.322202,114.3
1660243885.342248,210.7
1660243885.3622,205.2
1660243885.382201,172.9
1660243885.402206,136.4
1660243885.422283,84.6
1660243885.442272,102.2
1660243885.462208,118.2
1660243885.482124,115.0
1660243885.502156,115.6
1660243885.522124,145.7
1660243885.542192,147.6
1660243885.562216,139.3
1660243885.582131,135.4
1660243885.602078,128.1
1660243885.622152,126.7
1660243885.642075,143.0
1660243885.662057,130.4
1660243885.682074,121.5
1660243885.70196,117.1
1660243885.721957,132.7
1660243885.741964,137.5
1660243885.761959,127.6
1660243885.782024,128.8
1660243885.801985,138.5
1660243885.821963,132.0
1660243885.841953,127.5
1660243885.861958,146.8
1660243885.881859,131.1
1660243885.901852,132.4
1660243885.921862,145.4
1660243885.942862,137.8
1660243885.962905,128.5
1660243885.982865,133.6
1660243886.001872,133.8
1660243886.021919,128.9
1660243886.04286,124.3
1660243886.062828,127.3
1660243886.08283,123.3
1660243886.102736,125.2
1660243886.122762,135.9
1660243886.14273,138.7
1660243886.162763,151.9
1660243886.18273,141.8
1660243886.202731,129.5
1660243886.222765,132.8
1660243886.242729,138.8
1660243886.262705,137.6
1660243886.282756,138.1
1660243886.302692,136.4
1660243886.322666,117.3
1660243886.34267,115.8
1660243886.36272,120.4
1660243886.382609,120.3
1660243886.402672,116.6
1660243886.422676,120.5
1660243886.442691,119.0
1660243886.462582,112.9
1660243886.482577,124.6
1660243886.502574,133.9
1660243886.522646,133.2
1660243886.542588,124.8
1660243886.562582,124.3
1660243886.582579,121.6
1660243886.602576,106.4
1660243886.622693,113.7
1660243886.642595,119.6
1660243886.662479,118.1
1660243886.682498,119.3
1660243886.702489,124.7
1660243886.722456,121.6
1660243886.742449,113.2
1660243886.76247,120.5
1660243886.782435,122.2
1660243886.802433,123.4
1660243886.822544,115.9
1660243886.842455,115.2
1660243886.862394,124.5
1660243886.882366,117.3
1660243886.902413,117.3
1660243886.922456,119.3
1660243886.942442,118.4
1660243886.962379,120.4
1660243886.982451,119.7
1660243887.002503,119.1
1660243887.022259,118.1
1660243887.04229,121.4
1660243887.062283,126.7
1660243887.082276,126.9
1660243887.102292,122.6
1660243887.122282,125.5
1660243887.142204,114.5
1660243887.162278,105.5
1660243887.182186,115.9
1660243887.202285,126.9
1660243887.222182,110.1
1660243887.242295,107.7
1660243887.262189,124.0
1660243887.282144,124.0
1660243887.302225,111.6
1660243887.322093,109.4
1660243887.342086,119.0
1660243887.36209,110.3
1660243887.38226,103.7
1660243887.402209,107.4
1660243887.422125,108.4
1660243887.442028,111.4
1660243887.462023,115.4
1660243887.482038,124.5
1660243887.502027,133.3
1660243887.522029,128.2
1660243887.542025,117.3
1660243887.562036,123.5
1660243887.581922,118.9
1660243887.601978,106.1
1660243887.621929,107.7
1660243887.641926,109.2
1660243887.661929,106.0
1660243887.681929,106.9
1660243887.701929,108.4
1660243887.721931,107.0
1660243887.741935,106.9
1660243887.761934,107.1
1660243887.781831,107.9
1660243887.801823,110.6
1660243887.821821,113.6
1660243887.841814,119.2
1660243887.862832,105.3
1660243887.882802,105.4
1660243887.902836,114.6
1660243887.921843,118.3
1660243887.941821,109.0
1660243887.962841,112.3
1660243887.982765,116.4
1660243888.002738,118.6
1660243888.022768,114.1
1660243888.041756,111.9
1660243888.062742,115.7
1660243888.082739,120.6
1660243888.102734,117.6
1660243888.122783,114.6
1660243888.142754,118.7
1660243888.162739,117.0
1660243888.182821,118.9
1660243888.202743,120.3
1660243888.22264,118.6
1660243888.242651,116.0
1660243888.26264,103.9
1660243888.282667,105.5
1660243888.302643,110.8
1660243888.322633,119.7
1660243888.342636,120.4
1660243888.362555,120.2
1660243888.382535,124.7
1660243888.402538,111.3
1660243888.42258,104.7
1660243888.442537,105.3
1660243888.462538,108.2
1660243888.482543,114.7
1660243888.502556,118.1
1660243888.522564,104.5
1660243888.542539,104.5
1660243888.562546,106.9
1660243888.58254,107.2
1660243888.602436,107.3
1660243888.6225,115.9
1660243888.642445,113.2
1660243888.662434,104.2
1660243888.682442,106.3
1660243888.70244,108.0
1660243888.722445,116.2
1660243888.742344,118.8
1660243888.762336,127.0
1660243888.782335,126.8
1660243888.802383,133.3
1660243888.822339,124.9
1660243888.842338,116.0
1660243888.862359,122.1
1660243888.882278,128.2
1660243888.902312,126.1
1660243888.922244,125.2
1660243888.942357,112.3
1660243888.962245,119.8
1660243888.982254,117.4
1660243889.00224,102.4
1660243889.02225,112.1
1660243889.042159,118.1
1660243889.062171,108.4
1660243889.082246,105.8
1660243889.102141,114.9
1660243889.122136,125.0
1660243889.142132,115.3
1660243889.162133,118.6
1660243889.182134,126.4
1660243889.202214,119.4
1660243889.222162,118.8
1660243889.242135,124.2
1660243889.262174,119.5
1660243889.282243,117.7
1660243889.302151,118.8
1660243889.322081,118.1
1660243889.342052,117.7
1660243889.362082,103.9
1660243889.382094,108.7
1660243889.40199,106.9
1660243889.42199,106.5
1660243889.44197,110.7
1660243889.461981,112.7
1660243889.482002,104.3
1660243889.502004,104.0
1660243889.52199,107.2
1660243889.541994,105.6
1660243889.561986,106.4
1660243889.622054,107.2
1660243889.641959,109.2
1660243889.661962,106.3
1660243889.681876,106.5
1660243889.701851,107.5
1660243889.721963,111.5
1660243889.741856,108.3
1660243889.761791,106.0
1660243889.782794,106.0
1660243889.8018,107.5
1660243889.821795,107.1
1660243889.841794,106.7
1660243889.861794,107.5
1660243889.882795,113.1
1660243889.90276,106.3
1660243889.922794,103.4
1660243889.941789,108.1
1660243889.9618,106.6
1660243889.982805,106.7
1660243890.0027,105.0
1660243890.022691,109.3
1660243890.042743,109.2
1660243890.062742,105.9
1660243890.08169,106.5
1660243890.102693,104.4
1660243890.122691,107.8
1660243890.142597,107.2
1660243890.162767,105.9
1660243890.18261,114.1
1660243890.202629,106.6
1660243890.222595,108.3
1660243890.242622,110.4
1660243890.262626,105.9
1660243890.28265,107.3
1660243890.302608,107.0
1660243890.322602,107.1
1660243890.342616,105.9
1660243890.362592,105.0
1660243890.382713,107.1
1660243890.402604,104.7
1660243890.42252,108.0
1660243890.442626,105.2
1660243890.462505,107.0
1660243890.4825,106.6
1660243890.5025,105.4
1660243890.522503,107.7
1660243890.542561,107.3
1660243890.562512,111.6
1660243890.582397,108.7
1660243890.602397,105.7
1660243890.622397,104.7
1660243890.642406,105.5
1660243890.66241,106.1
1660243890.682322,107.1
1660243890.70237,105.2
1660243890.722314,115.1
1660243890.7423,120.2
1660243890.762294,103.7
1660243890.782351,102.8
1660243890.802314,109.0
1660243890.822328,109.4
1660243890.842322,106.6
1660243890.86233,108.7
1660243890.882342,106.6
1660243890.902324,105.9
1660243890.92231,107.6
1660243890.94232,109.2
1660243890.96224,108.0
1660243890.982327,106.1
1660243891.002231,111.7
1660243891.022211,109.3
1660243891.042228,106.2
1660243891.062208,105.9
1660243891.082208,107.2
1660243891.102098,107.0
1660243891.122109,106.6
1660243891.142114,107.7
1660243891.162108,107.6
1660243891.1821,109.5
1660243891.202084,106.6
1660243891.22205,106.7
1660243891.242049,106.0
1660243891.262014,105.1
1660243891.282007,106.9
1660243891.302053,106.8
1660243891.321958,105.8
1660243891.342013,110.1
1660243891.361952,114.9
1660243891.382015,109.6
1660243891.401944,102.1
1660243891.421979,110.5
1660243891.441928,121.9
1660243891.461918,113.2
1660243891.481913,148.2
1660243891.501943,150.8
1660243891.521925,134.4
1660243891.541918,122.8
1660243891.561914,99.6
1660243891.581868,105.8
1660243891.601748,100.1
1660243891.621782,100.7
1660243891.64185,98.8
1660243891.661764,102.4
1660243891.68281,99.6
1660243891.702695,101.5
1660243891.722647,100.8
1660243891.742647,99.9
1660243891.762706,100.1
1660243891.782642,102.1
1660243891.80275,97.9
1660243891.822703,100.1
1660243891.84268,105.0
1660243891.862659,105.1
1660243891.882551,103.6
1660243891.902678,96.5
1660243891.922566,96.3
1660243891.942553,101.4
1660243891.962549,95.9
1660243891.982581,63.5
1660243892.002467,59.3
1660243892.022447,75.9
1660243892.0425,65.7
1660243892.06248,61.6
1660243892.082466,64.1
1660243892.102454,64.0
1660243892.122448,64.6
1660243892.142461,64.0
1660243892.162468,65.6
1660243892.182352,62.7
1660243892.202432,63.0
1660243892.222408,64.1
1660243892.242376,63.3
1660243892.262357,63.6
1660243892.282422,63.6
1660243892.302267,63.4
1660243892.322269,63.9
1660243892.342262,63.8
1660243892.362246,63.7
1660243892.382252,64.2
1660243892.402257,63.4
1660243892.422257,65.6
1660243892.442259,62.3
1660243892.462265,67.7
1660243892.482212,62.4
1660243892.502258,64.4
1660243892.522267,68.6
1660243892.542169,62.3
1660243892.562164,63.1
1660243892.582159,63.7
1660243892.602118,63.6
1660243892.622155,67.3
1660243892.642084,64.9
1660243892.662102,62.4
1660243892.682091,63.7
1660243892.702165,64.3
1660243892.722181,63.2
1660243892.742168,63.2
1660243892.762235,63.5
1660243892.78216,63.6
1660243892.801994,63.9
1660243892.822002,64.1
1660243892.842004,65.0
1660243892.861997,63.3
1660243892.882091,63.2
1660243892.902004,63.6
1660243892.922005,63.2
1660243892.941992,63.6
1660243892.961898,63.3
1660243892.981902,63.3
1660243893.001891,63.4
1660243893.021899,65.1
1660243893.04196,64.1
1660243893.061853,62.6
1660243893.081874,75.3
1660243893.101862,75.5
1660243893.121817,68.0
1660243893.141866,69.0
1660243893.161755,68.0
1660243893.181781,66.2
1660243893.201775,69.5
1660243893.221862,68.6
1660243893.241697,67.8
1660243893.26175,67.8
1660243893.28177,68.9
1660243893.302704,71.1
1660243893.322696,68.3
1660243893.342706,65.3
1660243893.361627,68.3
1660243893.381713,68.8
1660243893.402714,66.7
1660243893.422615,66.0
1660243893.442615,69.1
1660243893.462622,66.7
1660243893.482501,66.5
1660243893.502502,69.3
1660243893.522687,66.9
1660243893.542499,65.9
1660243893.562499,67.7
1660243893.5825,66.6
1660243893.602505,68.5
1660243893.622506,66.2
1660243893.642398,68.8
1660243893.662417,67.0
1660243893.682412,65.5
1660243893.702417,68.8
1660243893.722401,66.3
1660243893.742405,67.5
1660243893.76241,67.8
1660243893.782404,66.8
1660243893.802339,68.8
1660243893.822312,68.1
1660243893.84229,67.3
1660243893.862287,79.8
1660243893.882396,72.5
1660243893.9023,62.6
1660243893.922311,68.5
1660243893.942275,73.2
1660243893.962216,66.1
1660243893.982328,66.1
1660243894.002226,66.6
1660243894.022181,68.5
1660243894.04215,68.0
1660243894.062166,69.6
1660243894.082103,67.6
1660243894.102101,65.8
1660243894.122121,69.5
1660243894.142127,70.7
1660243894.162106,68.9
1660243894.182115,69.0
1660243894.202049,67.4
1660243894.222125,65.7
1660243894.242113,68.5
1660243894.262004,67.5
1660243894.282013,68.2
1660243894.302013,66.3
1660243894.322028,66.1
1660243894.342051,67.2
1660243894.362034,77.1
1660243894.382018,69.9
1660243894.40191,62.7
1660243894.42192,68.0
1660243894.442024,68.2
1660243894.461912,67.3
1660243894.481922,67.3
1660243894.50193,62.8
1660243894.521855,63.9
1660243894.541858,66.5
1660243894.561852,62.8
1660243894.58186,63.9
1660243894.60185,64.5
1660243894.621889,69.6
1660243894.641995,85.9
1660243894.661832,90.8
1660243894.681836,63.8
1660243894.701841,56.5
1660243894.721821,65.2
1660243894.741782,66.9
1660243894.762796,62.9
1660243894.781718,66.4
1660243894.801837,74.1
1660243894.821737,93.3
1660243894.841647,90.7
1660243894.861797,81.5
1660243894.882667,59.2
1660243894.902728,58.7
1660243894.921656,66.0
1660243894.941638,65.6
1660243894.961734,63.9
1660243894.981667,70.8
1660243895.0027,90.5
1660243895.022612,96.1
1660243895.042605,89.9
1660243895.062557,95.0
1660243895.082601,94.5
1660243895.102482,91.2
1660243895.122459,62.0
1660243895.142504,65.3
1660243895.162505,70.0
1660243895.182468,64.5
1660243895.202476,63.6
1660243895.222392,66.5
1660243895.242481,69.3
1660243895.262368,75.6
1660243895.282357,69.8
1660243895.302351,67.4
1660243895.322359,65.8
1660243895.342354,65.1
1660243895.362351,68.3
1660243895.382245,68.3
1660243895.402258,63.0
1660243895.422267,66.4
1660243895.442284,67.5
1660243895.462232,68.0
1660243895.482167,68.4
1660243895.502229,69.4
1660243895.522178,68.2
1660243895.542172,87.8
1660243895.562164,92.9
1660243895.582144,90.0
1660243895.602152,91.5
1660243895.622145,95.3
1660243895.642157,94.7
1660243895.662152,96.9
1660243895.682132,96.5
1660243895.702094,93.8
1660243895.722054,65.3
1660243895.742113,57.9
1660243895.762077,65.4
1660243895.782067,68.1
1660243895.802112,63.1
1660243895.822061,65.5
1660243895.842055,68.9
1660243895.861957,93.8
1660243895.882001,102.1
1660243895.901969,93.1
1660243895.921966,73.4
1660243895.941925,56.9
1660243895.961918,63.7
1660243895.981898,68.7
1660243896.001888,69.3
1660243896.021892,63.7
1660243896.041886,69.7
1660243896.061796,101.8
1660243896.081773,103.1
1660243896.101872,95.1
1660243896.121868,94.5
1660243896.141824,96.4
1660243896.161762,96.5
1660243896.181773,96.3
1660243896.201796,97.5
1660243896.221782,95.6
1660243896.241885,96.3
1660243896.261856,96.3
1660243896.281864,70.0
1660243896.301781,56.4
1660243896.32175,64.2
1660243896.341724,67.8
1660243896.361688,63.6
1660243896.382756,68.6
1660243896.401774,67.0
1660243896.421778,97.2
1660243896.441778,102.9
1660243896.461589,95.4
1660243896.48263,95.8
1660243896.502596,96.5
1660243896.522628,96.3
1660243896.542594,96.1
1660243896.562637,95.0
1660243896.582771,92.6
1660243896.602658,94.9
1660243896.622626,68.6
1660243896.642517,58.8
1660243896.662554,64.6
1660243896.682524,70.1
1660243896.70252,68.5
1660243896.722522,64.3
1660243896.742516,68.8
1660243896.762621,94.1
1660243896.782447,91.9
1660243896.80242,94.3
1660243896.82243,69.1
1660243896.842433,55.8
1660243896.862432,69.4
1660243896.88256,72.1
1660243896.902437,62.2
1660243896.922432,64.6
1660243896.942521,79.2
1660243896.962345,104.5
1660243896.982319,100.2
1660243897.002318,95.2
1660243897.022377,94.6
1660243897.042306,96.4
1660243897.062338,96.7
1660243897.082373,96.3
1660243897.102256,96.5
1660243897.122288,97.6
1660243897.142299,95.4
1660243897.162247,96.4
1660243897.182253,96.4
1660243897.202287,94.5
1660243897.222248,82.3
1660243897.242228,96.1
1660243897.262118,100.4
1660243897.282119,94.3
1660243897.302118,95.7
1660243897.322139,97.0
1660243897.342144,96.6
1660243897.362141,95.7
1660243897.382223,95.9
1660243897.402149,95.8
1660243897.422148,95.8
1660243897.442205,97.2
1660243897.462078,95.9
1660243897.482077,96.4
1660243897.502072,96.4
1660243897.522076,95.9
1660243897.542084,96.3
1660243897.562046,95.9
1660243897.582052,96.1
1660243897.602171,95.9
1660243897.622036,97.4
1660243897.642042,96.2
1660243897.661956,101.8
1660243897.682073,83.2
1660243897.701959,56.3
1660243897.721963,62.6
1660243897.741974,70.7
1660243897.761888,89.2
1660243897.781885,83.9
1660243897.801921,67.4
1660243897.821911,94.8
1660243897.841916,98.2
1660243897.861826,86.3
1660243897.881836,71.9
1660243897.901742,58.0
1660243897.92174,66.3
1660243897.941743,89.1
1660243897.96178,86.9
1660243897.981742,76.8
1660243898.001664,61.1
1660243898.022687,65.2
1660243898.04164,65.9
1660243898.062666,65.2
1660243898.081641,65.0
1660243898.102567,64.6
1660243898.122555,65.1
1660243898.142557,72.0
1660243898.162557,66.4
1660243898.182642,66.0
1660243898.202489,69.5
1660243898.222514,63.4
1660243898.242515,63.4
1660243898.262494,66.6
1660243898.282498,62.9
1660243898.3025,64.8
1660243898.322497,64.6
1660243898.342507,67.9
1660243898.362505,65.9
1660243898.382485,67.2
1660243898.402504,68.4
1660243898.4224,76.6
1660243898.442414,91.0
1660243898.462414,90.2
1660243898.482436,86.8
1660243898.502407,65.3
1660243898.522302,62.7
1660243898.542308,73.6
1660243898.562335,70.6
1660243898.582311,70.8
1660243898.602301,67.3
1660243898.622307,67.7
1660243898.642306,68.8
1660243898.662228,71.0
1660243898.6822,69.2
1660243898.702213,68.5
1660243898.722214,65.5
1660243898.742202,68.7
1660243898.762211,68.4
1660243898.782191,67.8
1660243898.802156,67.1
1660243898.82214,68.3
1660243898.842108,66.8
1660243898.862105,79.4
1660243898.88202,91.7
1660243898.902022,76.2
1660243898.922082,60.4
1660243898.942035,67.5
1660243898.961982,74.8
1660243898.981996,70.1
1660243899.001981,67.1
1660243899.021981,65.6
1660243899.041979,67.8
1660243899.061982,72.3
1660243899.082076,74.1
1660243899.101995,64.3
1660243899.121991,66.4
1660243899.141984,69.4
1660243899.16189,68.6
1660243899.18189,68.2
1660243899.20193,67.6
1660243899.221918,66.4
1660243899.241915,69.2
1660243899.26184,81.8
1660243899.281817,94.1
1660243899.301814,68.7
1660243899.321848,63.6
1660243899.341887,79.4
1660243899.361807,72.5
1660243899.381695,67.8
1660243899.402717,69.2
1660243899.421713,69.5
1660243899.441693,67.7
1660243899.461715,66.7
1660243899.482714,66.9
1660243899.502724,70.0
1660243899.521736,66.4
1660243899.541732,67.0
1660243899.561636,68.8
1660243899.582722,66.4
1660243899.602712,68.1
1660243899.621675,68.4
1660243899.64161,68.0
1660243899.661613,66.4
1660243899.68164,70.9
1660243899.702559,68.7
1660243899.722612,68.8
1660243899.74256,68.8
1660243899.762583,67.9
1660243899.78162,69.1
1660243899.802461,68.0
1660243899.822534,67.3
1660243899.842425,66.7
1660243899.862446,69.9
1660243899.882434,69.3
1660243899.902358,81.1
1660243899.922359,66.3
1660243899.942356,64.0
1660243899.96236,69.4
1660243899.982362,65.4
1660243900.002406,69.7
1660243900.02226,68.4
1660243900.042284,68.8
1660243900.062256,66.7
1660243900.082261,67.8
1660243900.102264,72.0
1660243900.122168,68.2
1660243900.142164,67.4
1660243900.162165,67.3
1660243900.182158,68.0
1660243900.202148,66.7
1660243900.22214,67.4
1660243900.242128,67.5
1660243900.262121,67.3
1660243900.282059,67.7
1660243900.302064,72.0
1660243900.322054,72.0
1660243900.34206,63.8
1660243900.362058,68.8
1660243900.382063,69.3
1660243900.402064,68.3
1660243900.421955,66.6
1660243900.441928,67.3
1660243900.461918,66.4
1660243900.481959,68.7
1660243900.501929,68.9
1660243900.521968,72.3
1660243900.541974,66.9
1660243900.561936,64.8
1660243900.581942,68.8
1660243900.601912,68.2
1660243900.621863,66.7
1660243900.641942,67.3
1660243900.661798,67.1
1660243900.681832,68.6
1660243900.701776,66.0
1660243900.721771,67.8
1660243900.741806,67.4
1660243900.761809,66.3
1660243900.781813,69.0
1660243900.801724,67.4
1660243900.821772,66.9
1660243900.841817,76.1
1660243900.8618,83.5
1660243900.881766,68.4
1660243900.901779,62.2
1660243900.921831,75.9
1660243900.941789,77.5
1660243900.96181,62.6
1660243900.981706,65.4
1660243901.001674,69.5
1660243901.021744,67.1
1660243901.041649,65.1
1660243901.06164,75.8
1660243901.081678,66.6
1660243901.101672,63.9
1660243901.121655,67.4
1660243901.141643,66.1
1660243901.161654,63.9
1660243901.182649,63.6
1660243901.202563,65.9
1660243901.221498,62.3
1660243901.24161,63.5
1660243901.261617,62.9
1660243901.28161,63.4
1660243901.302558,63.0
1660243901.321456,63.1
1660243901.34261,62.9
1660243901.361552,63.2
1660243901.38157,63.7
1660243901.402567,63.5
1660243901.422536,63.1
1660243901.442482,63.1
1660243901.462512,63.0
1660243901.482507,64.1
1660243901.502442,64.5
1660243901.522424,62.8
1660243901.542435,63.9
1660243901.562437,62.8
1660243901.582384,64.7
1660243901.602457,63.1
1660243901.62246,64.0
1660243901.642444,63.6
1660243901.662389,63.0
1660243901.682393,64.6
1660243901.702324,62.7
1660243901.722359,63.5
1660243901.742399,64.7
1660243901.762339,63.8
1660243901.782343,62.8
1660243901.802365,64.1
1660243901.82236,64.0
1660243901.842304,63.2
1660243901.862263,64.6
1660243901.882256,62.7
1660243901.902218,63.1
1660243901.92222,63.2
1660243901.942112,63.2
1660243901.962133,63.2
1660243901.982112,63.3
1660243902.002103,64.2
1660243902.022134,63.1
1660243902.04212,63.4
1660243902.062094,64.0
1660243902.082078,63.9
1660243902.10206,63.3
1660243902.122115,63.5
1660243902.142013,63.7
1660243902.162009,63.5
1660243902.182064,63.5
1660243902.20204,63.8
1660243902.221909,64.6
1660243902.24199,63.1
1660243902.26195,63.1
1660243902.281905,63.4
1660243902.301915,64.4
1660243902.321901,63.1
1660243902.341898,63.2
1660243902.361952,63.8
1660243902.381851,63.5
1660243902.40181,63.9
1660243902.421859,63.7
1660243902.441808,63.5
1660243902.461809,63.0
1660243902.481803,63.4
1660243902.501871,68.8
1660243902.52176,67.9
1660243902.541714,62.2
1660243902.561778,62.1
1660243902.581655,63.3
1660243902.60162,63.7
1660243902.621608,64.4
1660243902.641634,63.7
1660243902.661574,63.0
1660243902.682574,62.7
1660243902.701621,64.4
1660243902.721629,62.4
1660243902.741525,63.3
1660243902.761568,63.0
1660243902.78255,63.4
1660243902.802498,63.3
1660243902.822469,64.9
1660243902.841558,62.8
1660243902.861576,65.4
1660243902.882482,62.8
1660243902.902517,63.2
1660243902.922462,63.0
1660243902.942467,64.0
1660243902.962464,62.9
1660243902.981364,64.6
1660243903.002369,62.6
1660243903.022382,63.9
1660243903.042369,65.2
1660243903.062421,62.6
1660243903.082366,65.3
1660243903.102372,63.5
1660243903.122288,63.0
1660243903.142265,63.0
1660243903.162195,63.1
1660243903.182323,63.1
1660243903.202308,63.2
1660243903.222304,64.3
1660243903.242162,65.2
1660243903.262144,66.0
1660243903.282208,65.2
1660243903.302199,64.5
1660243903.322061,65.1
1660243903.342065,64.6
1660243903.36212,66.3
1660243903.382108,66.6
1660243903.402073,62.4
1660243903.422134,63.0
1660243903.44202,63.3
1660243903.462022,63.2
1660243903.48196,63.7
1660243903.501975,63.4
1660243903.521952,64.6
1660243903.541851,62.5
1660243903.56186,63.1
1660243903.581926,63.1
1660243903.601948,64.6
1660243903.621868,62.5
1660243903.641913,64.9
1660243903.661814,62.8
1660243903.681829,63.7
1660243903.701826,63.7
1660243903.721766,63.1
1660243903.741818,63.9
1660243903.761772,62.8
1660243903.781782,63.3
1660243903.80178,63.5
1660243903.821667,63.5
1660243903.84179,72.2
1660243903.861681,83.7
1660243903.881798,68.3
1660243903.901678,56.4
1660243903.92166,62.9
1660243903.941794,64.6
1660243903.961687,63.4
1660243903.98168,63.2
1660243904.001621,63.2
1660243904.021659,62.9
1660243904.041708,65.0
1660243904.06163,63.6
1660243904.081632,62.6
1660243904.101687,63.3
1660243904.121624,63.5
1660243904.141676,63.8
1660243904.162622,63.3
1660243904.182583,63.1
1660243904.201505,63.6
1660243904.221444,63.0
1660243904.241621,63.6
1660243904.261526,66.2
1660243904.282479,62.4
1660243904.30242,63.2
1660243904.322422,63.1
1660243904.34241,63.0
1660243904.361406,63.2
1660243904.382411,64.0
1660243904.402474,63.2
1660243904.422453,62.8
1660243904.442312,63.1
1660243904.462424,65.1
1660243904.481414,64.6
1660243904.502456,62.7
1660243904.522536,63.4
1660243904.542489,63.1
1660243904.562341,62.9
1660243904.582339,62.9
1660243904.602339,63.1
1660243904.622324,63.8
1660243904.642355,63.4
1660243904.66231,64.8
1660243904.682393,63.2
1660243904.702324,62.9
1660243904.722317,63.6
1660243904.742213,62.9
1660243904.762252,62.9
1660243904.782205,63.3
1660243904.802229,63.5
1660243904.82238,63.4
1660243904.842317,63.3
1660243904.862297,66.4
1660243904.882136,62.6
1660243904.902196,63.3
1660243904.922196,63.6
1660243904.942258,63.8
1660243904.962114,63.2
1660243904.982238,63.5
1660243905.002026,63.5
1660243905.022096,63.8
1660243905.042128,63.5
1660243905.062069,64.8
1660243905.082091,65.8
1660243905.101988,61.5
1660243905.12203,64.6
1660243905.141952,63.4
1660243905.161926,63.0
1660243905.181926,63.3
1660243905.201856,63.0
1660243905.221835,63.2
1660243905.242038,63.0
1660243905.261876,63.1
1660243905.321955,63.6
1660243905.381754,63.6
1660243905.401834,63.2
1660243905.421727,63.0
1660243905.441698,62.7
1660243905.461698,62.6
1660243905.48162,63.4
1660243905.501913,64.4
1660243905.521642,63.5
1660243905.541623,62.8
1660243905.561665,62.6
1660243905.581575,62.9
1660243905.601505,63.0
1660243905.621558,63.3
1660243905.641558,63.2
1660243905.662545,63.3
1660243905.68154,64.2
1660243905.70246,62.9
1660243905.721477,62.6
1660243905.741425,63.4
1660243905.762382,63.2
1660243905.782451,64.4
1660243905.802395,62.5
1660243905.82248,62.9
1660243905.842365,63.3
1660243905.862378,63.3
1660243905.882363,64.8
1660243905.902256,63.1
1660243905.922254,64.6
1660243905.942299,64.3
1660243905.96227,63.2
1660243905.982322,62.8
1660243906.002288,63.1
1660243906.022369,63.4
1660243906.042301,63.2
1660243906.062268,63.1
1660243906.082179,66.4
1660243906.102252,66.9
1660243906.122279,61.5
1660243906.142162,63.2
1660243906.162234,63.0
1660243906.182164,64.9
1660243906.202165,62.4
1660243906.222238,63.3
1660243906.242178,64.9
1660243906.262219,62.6
1660243906.282218,63.1
1660243906.302149,67.7
1660243906.322224,62.2
1660243906.342156,63.2
1660243906.362095,63.2
1660243906.382062,64.6
1660243906.402069,64.2
1660243906.422125,63.0
1660243906.442131,63.0
1660243906.462118,63.1
1660243906.481992,63.5
1660243906.501972,65.3
1660243906.522069,63.0
1660243906.542071,63.0
1660243906.56197,62.9
1660243906.582025,63.4
1660243906.60197,63.2
1660243906.622076,62.7
1660243906.641994,64.2
1660243906.661991,63.1
1660243906.681912,63.4
1660243906.701874,63.2
1660243906.7219,63.5
1660243906.741972,63.1
1660243906.761992,63.2
1660243906.782021,63.5
1660243906.80192,63.7
1660243906.822014,62.8
1660243906.84185,69.3
1660243906.861802,83.0
1660243906.881853,68.7
1660243906.901859,57.0
1660243906.921816,63.5
1660243906.941933,64.4
1660243906.961914,62.7
1660243906.98179,63.2
1660243907.001833,63.0
1660243907.021812,63.7
1660243907.041765,62.5
1660243907.06173,64.1
1660243907.081774,63.8
1660243907.101684,63.2
1660243907.121708,62.9
1660243907.141741,62.9
1660243907.161667,63.5
1660243907.181669,63.4
1660243907.201593,64.0
1660243907.221598,66.6
1660243907.241542,63.5
1660243907.261551,64.1
1660243907.281581,65.1
1660243907.301715,63.1
1660243907.321571,65.7
1660243907.341516,68.7
1660243907.36158,63.4
1660243907.381611,66.9
1660243907.401563,61.7
1660243907.42149,62.2
1660243907.441482,63.8
1660243907.46143,62.9
1660243907.482428,63.1
1660243907.502427,64.7
1660243907.52238,70.4
1660243907.542308,66.8
1660243907.561354,63.5
1660243907.582285,66.7
1660243907.602216,63.8
1660243907.622207,66.2
1660243907.642211,63.3
1660243907.662239,67.5
1660243907.68222,67.1
1660243907.702244,64.5
1660243907.722215,67.0
1660243907.742213,70.0
1660243907.762157,68.8
1660243907.782137,67.9
1660243907.802218,67.2
1660243907.82212,68.4
1660243907.842179,67.7
1660243907.862135,81.2
1660243907.882174,68.4
1660243907.902114,61.1
1660243907.922128,68.1
1660243907.942077,69.1
1660243907.962061,65.2
1660243907.982014,66.6
1660243908.001961,66.0
1660243908.022019,64.9
1660243908.041966,67.0
1660243908.061956,69.0
1660243908.082014,68.7
1660243908.101867,63.6
1660243908.121877,61.7
1660243908.141852,63.9
1660243908.161871,63.0
1660243908.18183,62.7
1660243908.201818,63.3
1660243908.221822,68.6
1660243908.241872,62.5
1660243908.261728,62.8
1660243908.281734,61.9
1660243908.301756,63.5
1660243908.321811,62.3
1660243908.381612,63.5
1660243908.40167,64.2
1660243908.421646,62.7
1660243908.441687,63.1
1660243908.461623,63.3
1660243908.48162,62.6
1660243908.501672,63.1
1660243908.521621,62.9
1660243908.541503,63.0
1660243908.561616,63.0
1660243908.581614,62.5
1660243908.601528,63.0
1660243908.621568,63.5
1660243908.641524,63.5
1660243908.66156,63.6
1660243908.681449,63.5
1660243908.701531,63.7
1660243908.721447,63.1
1660243908.741496,64.7
1660243908.761473,62.7
1660243908.781519,63.9
1660243908.801432,63.5
1660243908.821438,62.8
1660243908.841421,63.5
1660243908.861392,63.8
1660243908.881356,63.9
1660243908.901327,62.5
1660243908.921314,63.3
1660243908.941346,63.7
1660243908.961363,64.9
1660243908.982354,63.6
1660243909.002349,63.3
1660243909.022237,63.6
1660243909.041267,63.6
1660243909.061283,63.9
1660243909.082276,63.7
1660243909.102272,62.8
1660243909.122268,63.3
1660243909.142264,64.2
1660243909.162276,63.2
1660243909.182176,63.0
1660243909.202158,63.0
1660243909.222173,63.7
1660243909.242148,63.9
1660243909.262161,64.0
1660243909.282152,63.2
1660243909.302215,63.0
1660243909.322196,63.5
1660243909.342244,63.1
1660243909.362224,63.0
1660243909.382192,62.5
1660243909.402187,63.1
1660243909.422172,64.1
1660243909.442249,65.3
1660243909.462206,62.1
1660243909.482055,63.0
1660243909.502061,62.7
1660243909.522074,63.3
1660243909.542105,63.1
1660243909.561971,63.3
1660243909.581974,62.5
1660243909.60197,61.9
1660243909.621978,63.5
1660243909.64196,63.7
1660243909.661904,64.0
1660243909.681873,63.2
1660243909.701898,62.8
1660243909.721828,62.8
1660243909.741919,63.5
1660243909.761801,63.8
1660243909.781874,64.0
1660243909.801832,63.3
1660243909.821802,63.0
1660243909.841803,68.8
1660243909.861905,82.2
1660243909.881839,73.2
1660243909.901778,57.0
1660243909.921759,59.7
1660243909.94178,64.5
1660243909.961824,64.6
1660243909.981773,63.7
1660243910.001762,63.0
1660243910.021774,63.2
1660243910.041779,63.4
1660243910.061666,65.3
1660243910.081673,64.7
1660243910.101715,63.0
1660243910.121726,63.2
1660243910.141686,62.9
1660243910.161738,63.2
1660243910.181675,63.2
1660243910.201678,62.7
1660243910.2217,63.0
1660243910.24162,64.1
1660243910.261569,63.3
1660243910.281568,63.0
1660243910.301559,63.6
1660243910.321642,63.3
1660243910.341626,63.4
1660243910.361536,64.4
1660243910.381551,63.5
1660243910.401478,62.7
1660243910.421513,63.2
1660243910.441469,63.5
1660243910.461514,62.9
1660243910.48142,63.9
1660243910.501457,64.3
1660243910.521374,73.9
1660243910.541359,63.4
1660243910.561345,59.1
1660243910.582309,64.6
1660243910.602313,63.9
1660243910.622309,63.2
1660243910.641418,62.9
1660243910.661393,62.9
1660243910.682318,63.8
1660243910.702324,63.0
1660243910.722316,63.0
1660243910.742366,63.5
1660243910.761278,63.3
1660243910.78229,64.6
1660243910.802328,63.1
1660243910.82224,62.7
1660243910.842232,62.9
1660243910.862228,64.8
1660243910.882278,62.3
1660243910.902233,63.2
1660243910.922221,66.2
1660243910.942231,62.7
1660243910.962132,62.4
1660243910.982236,63.0
1660243911.002112,65.0
1660243911.022137,63.0
1660243911.042114,63.1
1660243911.062242,64.3
1660243911.082143,63.1
1660243911.102116,62.8
1660243911.122118,67.7
1660243911.142015,62.9
1660243911.16211,62.2
1660243911.182217,63.0
1660243911.202117,63.2
1660243911.222065,63.3
1660243911.24203,63.9
1660243911.26195,65.9
1660243911.282057,64.6
1660243911.302026,64.3
1660243911.322029,63.9
1660243911.341983,64.4
1660243911.361925,66.0
1660243911.381975,64.0
1660243911.40204,62.9
1660243911.422051,62.7
1660243911.441866,62.8
1660243911.461865,63.2
1660243911.481856,63.3
1660243911.501855,62.9
1660243911.521868,65.1
1660243911.541905,61.9
1660243911.561787,62.8
1660243911.581792,62.9
1660243911.601814,64.6
1660243911.621834,62.7
1660243911.641763,62.9
1660243911.661842,63.7
1660243911.681778,63.6
1660243911.701728,63.3
1660243911.721751,62.9
1660243911.741646,63.5
1660243911.761747,63.4
1660243911.781725,63.6
1660243911.801761,64.5
1660243911.82161,62.9
1660243911.841614,63.2
1660243911.861606,65.2
1660243911.88156,64.9
1660243911.90153,63.2
1660243911.921754,63.5
1660243911.941658,63.8
1660243911.961625,63.3
1660243911.981532,63.6
1660243912.001534,63.7
1660243912.021554,63.9
1660243912.041465,63.1
1660243912.061468,63.6
1660243912.081541,65.1
1660243912.101368,63.6
1660243912.121386,62.9
1660243912.141402,63.1
1660243912.161372,63.3
1660243912.181445,62.9
1660243912.20146,63.1
1660243912.261372,62.9
1660243912.28244,63.2
1660243912.302348,63.3
1660243912.321269,63.2
1660243912.341268,63.1
1660243912.361294,63.1
1660243912.382273,62.6
1660243912.402286,62.9
1660243912.422221,63.8
1660243912.442191,62.9
1660243912.461368,62.8
1660243912.481287,63.2
1660243912.502177,63.1
1660243912.522185,62.7
1660243912.54219,63.4
1660243912.562242,63.6
1660243912.582175,62.7
1660243912.602071,62.6
1660243912.622051,63.9
1660243912.64208,62.9
1660243912.662108,62.8
1660243912.682158,63.2
1660243912.702142,63.7
1660243912.72205,64.6
1660243912.742015,63.3
1660243912.762024,62.6
1660243912.782031,63.1
1660243912.802057,63.7
1660243912.821995,65.4
1660243912.842068,66.2
1660243912.861953,82.6
1660243912.881946,73.0
1660243912.902,56.6
1660243912.921909,60.9
1660243912.941959,64.5
1660243912.962002,63.9
1660243912.981895,63.2
1660243913.001813,62.8
1660243913.021806,63.3
1660243913.041876,62.9
1660243913.06181,63.9
1660243913.081823,63.8
1660243913.101843,64.0
1660243913.121829,62.9
1660243913.141889,63.2
1660243913.161862,63.7
1660243913.181784,73.6
1660243913.20186,80.6
1660243913.221873,63.2
1660243913.241867,58.2
1660243913.261816,64.0
1660243913.281788,64.3
1660243913.301715,63.4
1660243913.321708,63.3
1660243913.341708,63.1
1660243913.361762,63.1
1660243913.381729,63.2
1660243913.401711,62.9
1660243913.421765,62.7
1660243913.441615,62.9
1660243913.461695,62.7
1660243913.481599,62.7
1660243913.501592,62.3
1660243913.521702,63.8
1660243913.541561,63.2
1660243913.561583,63.6
1660243913.581552,63.2
1660243913.601558,62.6
1660243913.621519,64.7
1660243913.64163,63.2
1660243913.661612,62.7
1660243913.681457,63.2
1660243913.701499,63.3
1660243913.721446,61.7
1660243913.741483,63.4
1660243913.761468,63.3
1660243913.781456,63.3
1660243913.801351,63.0
1660243913.821451,63.4
1660243913.841406,65.5
1660243913.86137,62.6
1660243913.881328,62.9
1660243913.901367,62.8
1660243913.921504,63.5
1660243913.941346,62.6
1660243913.961392,63.3
1660243913.982314,62.6
1660243914.001367,63.1
1660243914.021344,63.6
1660243914.042313,66.6
1660243914.061318,62.6
1660243914.082213,63.9
1660243914.102218,65.8
1660243914.122264,63.2
1660243914.142265,64.8
1660243914.162282,62.5
1660243914.182315,62.6
1660243914.202107,63.5
1660243914.222142,62.8
1660243914.242208,63.2
1660243914.302041,63.2
1660243914.322018,62.9
1660243914.341964,75.8
1660243914.362026,65.5
1660243914.382036,61.2
1660243914.401982,62.1
1660243914.42196,63.5
1660243914.441886,64.0
1660243914.461995,64.8
1660243914.481956,62.6
1660243914.501866,63.2
1660243914.521911,63.4
1660243914.54194,64.9
1660243914.561927,63.1
1660243914.581894,63.2
1660243914.601843,64.0
1660243914.62195,63.9
1660243914.641865,63.5
1660243914.661796,63.4
1660243914.681793,63.0
1660243914.701844,63.7
1660243914.721859,62.7
1660243914.741796,63.1
1660243914.761857,63.7
1660243914.781812,63.4
1660243914.8019,63.5
1660243914.821664,63.9
1660243914.841718,62.6
1660243914.861669,65.7
1660243914.881666,62.7
1660243914.901664,61.7
1660243914.921772,63.3
1660243914.941662,63.2
1660243914.961672,63.3
1660243914.981762,63.4
1660243915.001721,63.7
1660243915.021608,62.9
1660243915.041578,62.7
1660243915.061566,63.1
1660243915.081536,63.6
1660243915.101543,63.9
1660243915.121648,63.6
1660243915.141576,63.5
1660243915.161502,62.9
1660243915.181498,63.1
1660243915.201541,63.2
1660243915.221496,63.2
1660243915.241516,63.6
1660243915.261458,64.2
1660243915.281507,64.7
1660243915.30136,65.2
1660243915.321357,63.8
1660243915.34145,65.0
1660243915.361485,66.1
1660243915.381503,64.5
1660243915.401445,62.8
1660243915.421444,62.8
1660243915.441282,62.9
1660243915.461352,63.0
1660243915.482276,63.0
1660243915.502247,61.9
1660243915.52236,64.3
1660243915.542253,64.2
1660243915.561176,63.0
1660243915.582248,62.9
1660243915.602259,62.7
1660243915.622106,63.4
1660243915.642112,63.5
1660243915.662133,63.7
1660243915.682169,64.1
1660243915.702005,62.7
1660243915.72212,63.2
1660243915.742116,63.2
1660243915.762065,63.2
1660243915.78212,63.3
1660243915.802108,63.6
1660243915.822012,63.5
1660243915.842176,66.1
1660243915.862099,83.0
1660243915.882038,76.4
1660243915.90199,56.4
1660243915.921965,63.6
1660243915.942063,66.2
1660243915.961989,62.4
1660243915.981979,63.2
1660243916.00195,63.3
1660243916.021864,63.0
1660243916.041811,63.2
1660243916.061813,63.7
1660243916.081812,63.5
1660243916.10181,63.4
1660243916.121888,65.8
1660243916.141751,80.1
1660243916.161701,71.9
1660243916.181831,57.5
1660243916.201772,61.6
1660243916.221704,64.4
1660243916.241752,63.0
1660243916.261713,62.6
1660243916.281797,63.4
1660243916.301707,62.6
1660243916.321729,63.4
1660243916.34161,61.4
1660243916.361661,63.6
1660243916.38167,63.7
1660243916.401609,62.8
1660243916.421667,62.8
1660243916.441613,63.2
1660243916.461658,63.0
1660243916.481606,63.4
1660243916.50155,64.6
1660243916.521594,68.7
1660243916.541555,62.9
1660243916.561565,65.8
1660243916.581556,64.5
1660243916.6015,62.2
1660243916.621468,63.3
1660243916.641458,64.6
1660243916.661472,62.7
1660243916.681416,62.1
1660243916.701469,63.7
1660243916.72141,63.2
1660243916.74141,63.3
1660243916.761452,63.2
1660243916.78138,64.1
1660243916.801344,63.6
1660243916.821364,63.0
1660243916.84139,63.8
1660243916.86236,64.6
1660243916.881479,64.6
1660243916.901352,63.3
1660243916.92144,63.4
1660243916.941373,63.6
1660243916.962366,63.9
1660243916.9813,63.7
1660243917.001312,63.0
1660243917.021311,63.4
1660243917.041398,64.6
1660243917.06222,63.1
1660243917.082169,66.0
1660243917.10222,63.8
1660243917.12118,63.1
1660243917.14117,63.4
1660243917.161131,65.3
1660243917.182224,62.8
1660243917.20218,63.1
1660243917.222083,63.4
1660243917.242125,63.4
1660243917.262164,63.3
1660243917.282126,62.6
1660243917.302211,63.1
1660243917.322128,63.3
1660243917.342076,62.8
1660243917.362148,62.9
1660243917.382024,63.2
1660243917.402048,63.5
1660243917.422044,63.4
1660243917.44198,65.8
1660243917.461971,62.4
1660243917.482029,63.3
1660243917.502032,62.9
1660243917.521987,63.3
1660243917.542049,63.0
1660243917.561932,63.0
1660243917.581869,62.7
1660243917.601854,63.4
1660243917.621926,63.9
1660243917.641887,62.9
1660243917.661869,63.3
1660243917.681829,62.9
1660243917.701789,63.0
1660243917.721785,63.4
1660243917.741776,63.4
1660243917.761838,63.1
1660243917.781809,62.2
1660243917.801698,63.4
1660243917.821715,63.4
1660243917.841728,63.5
1660243917.861682,63.8
1660243917.881813,63.3
1660243917.901678,63.0
1660243917.921675,63.4
1660243917.941566,62.9
1660243917.961576,62.7
1660243917.981569,63.2
1660243918.001636,63.3
1660243918.021624,63.0
1660243918.041586,63.2
1660243918.061577,63.9
1660243918.081566,66.4
1660243918.101695,64.4
1660243918.121632,64.8
1660243918.141634,62.5
1660243918.161522,63.7
1660243918.181524,67.2
1660243918.201475,61.9
1660243918.221525,63.7
1660243918.241519,67.7
1660243918.261482,63.0
1660243918.281484,63.2
1660243918.301484,63.2
1660243918.321486,64.3
1660243918.341448,65.4
1660243918.361492,62.6
1660243918.381514,63.8
1660243918.401499,63.1
1660243918.421474,63.7
1660243918.44142,63.3
1660243918.461434,63.0
1660243918.481288,63.3
1660243918.501264,63.8
1660243918.521272,67.1
1660243918.541306,67.0
1660243918.561277,61.2
1660243918.581278,61.2
1660243918.601295,63.7
1660243918.621329,63.8
1660243918.641297,63.6
1660243918.661242,63.0
1660243918.68123,66.1
1660243918.701225,63.4
1660243918.721186,63.0
1660243918.741193,63.6
1660243918.761211,63.1
1660243918.782157,63.3
1660243918.80212,62.9
1660243918.822191,63.7
1660243918.841139,64.5
1660243918.861087,80.9
1660243918.8811,78.4
1660243918.902052,58.9
1660243918.922028,58.0
1660243918.942016,65.1
1660243918.96206,66.8
1660243918.982121,62.6
1660243919.002065,63.3
1660243919.021982,63.1
1660243919.042015,63.4
1660243919.062054,63.0
1660243919.081975,63.6
1660243919.102045,63.1
1660243919.121991,62.9
1660243919.141944,63.3
1660243919.161989,62.9
1660243919.181846,64.3
1660243919.201861,63.7
1660243919.221886,63.2
1660243919.24188,65.8
1660243919.261873,63.3
1660243919.281881,65.0
1660243919.301883,63.6
1660243919.321885,64.7
1660243919.341874,65.7
1660243919.361808,65.6
1660243919.38178,63.6
1660243919.401774,63.0
1660243919.421724,62.4
1660243919.441721,62.9
1660243919.461745,63.4
1660243919.481775,63.1
1660243919.501769,63.1
1660243919.521815,63.3
1660243919.54177,64.0
1660243919.561722,64.0
1660243919.581809,63.6
1660243919.601662,66.1
1660243919.621686,68.6
1660243919.641662,62.8
1660243919.661663,63.5
1660243919.681696,63.8
1660243919.701651,63.6
1660243919.721665,63.3
1660243919.741678,64.5
1660243919.761625,69.5
1660243919.781628,62.1
1660243919.801684,62.7
1660243919.821578,63.5
1660243919.84157,63.6
1660243919.861582,64.4
1660243919.881578,64.3
1660243919.901611,62.6
1660243919.921577,63.1
1660243919.941573,63.1
1660243919.961541,63.6
1660243919.981537,64.6
1660243920.001532,62.1
1660243920.021497,62.9
1660243920.041562,63.3
1660243920.061482,63.9
1660243920.081624,63.9
1660243920.101499,64.7
1660243920.121576,62.2
1660243920.141534,62.8
1660243920.161526,63.5
1660243920.181469,63.2
1660243920.201445,62.9
1660243920.221504,63.6
1660243920.241503,63.2
1660243920.261491,63.7
1660243920.28139,63.0
1660243920.301501,62.9
1660243920.321393,64.0
1660243920.341469,62.5
1660243920.361483,63.4
1660243920.381409,62.9
1660243920.40144,62.7
1660243920.42145,62.8
1660243920.441245,63.3
1660243920.461285,63.2
1660243920.481332,63.3
1660243920.501289,63.6
1660243920.521338,63.5
1660243920.54129,63.5
1660243920.561286,63.1
1660243920.581291,63.0
1660243920.601186,63.1
1660243920.621258,63.8
1660243920.641284,63.3
1660243920.66122,63.2
1660243920.681196,63.3
1660243920.701204,62.9
1660243920.72116,63.0
1660243920.741251,63.6
1660243920.761146,63.3
1660243920.781141,66.7
1660243920.801146,63.2
1660243920.822238,63.5
1660243920.841058,64.1
1660243920.861174,65.1
1660243920.881091,63.0
1660243920.901079,63.4
1660243920.921978,66.9
1660243920.941986,63.9
1660243920.961984,62.7
1660243920.981979,64.2
1660243921.002025,63.4
1660243921.021977,63.1
1660243921.042007,63.3
1660243921.061918,63.4
1660243921.081952,68.1
1660243921.101944,67.4
1660243921.121888,61.2
1660243921.14196,63.8
1660243921.161889,63.1
1660243921.181881,63.5
1660243921.201827,63.2
1660243921.221871,63.0
1660243921.241779,63.1
1660243921.261916,62.4
1660243921.281812,64.5
1660243921.301798,63.7
1660243921.321698,63.7
1660243921.341695,65.0
1660243921.3617,62.6
1660243921.381699,63.6
1660243921.401656,63.5
1660243921.421692,63.0
1660243921.441697,63.1
1660243921.461651,63.1
1660243921.481599,63.6
1660243921.501678,63.5
1660243921.521665,63.6
1660243921.541592,64.2
1660243921.56159,62.9
1660243921.581554,63.6
1660243921.601539,65.4
1660243921.621628,62.7
1660243921.64154,63.0
1660243921.661497,63.3
1660243921.681497,62.8
1660243921.701501,63.7
1660243921.721404,63.4
1660243921.741589,63.8
1660243921.761488,66.4
1660243921.781405,62.6
1660243921.801441,64.0
1660243921.821582,63.2
1660243921.841453,64.2
1660243921.861282,78.8
1660243921.881343,79.7
1660243921.9013,60.8
1660243921.92133,59.0
1660243921.941221,64.6
1660243921.961251,65.5
1660243921.981261,63.1
1660243922.001293,63.9
1660243922.02129,63.2
1660243922.04119,64.4
1660243922.061234,62.8
1660243922.0812,65.1
1660243922.101218,67.3
1660243922.121245,63.2
1660243922.141242,65.5
1660243922.16131,63.3
1660243922.181228,65.3
1660243922.201239,63.8
1660243922.221184,65.8
1660243922.241212,63.5
1660243922.261127,69.2
1660243922.281198,65.2
1660243922.302048,70.2
1660243922.322176,68.0
1660243922.34117,62.0
1660243922.361124,63.8
1660243922.381107,64.6
1660243922.401125,65.5
1660243922.421981,64.2
1660243922.441979,63.9
1660243922.46194,72.8
1660243922.481956,73.8
1660243922.501941,62.1
1660243922.521816,60.6
1660243922.541935,66.1
1660243922.561884,65.3
1660243922.582036,63.7
1660243922.601902,64.9
1660243922.621899,69.1
1660243922.641871,64.5
1660243922.661841,63.9
1660243922.681838,65.2
1660243922.701935,65.0
1660243922.72192,64.2
1660243922.781737,79.0
1660243922.801796,68.0
1660243922.821717,62.2
1660243922.841796,63.8
1660243922.861866,66.3
1660243922.881675,63.5
1660243922.90174,65.7
1660243922.921824,66.3
1660243922.941682,67.2
1660243922.961621,76.9
1660243922.981652,63.0
1660243923.001698,62.4
1660243923.02167,64.1
1660243923.041622,64.6
1660243923.061568,65.9
1660243923.081551,68.0
1660243923.101594,68.3
1660243923.12154,63.9
1660243923.141552,64.9
1660243923.161573,63.7
1660243923.181576,65.6
1660243923.201589,63.4
1660243923.221646,66.2
1660243923.241534,64.3
1660243923.261524,67.8
1660243923.2816,69.4
1660243923.301512,69.0
1660243923.321538,67.4
1660243923.34147,72.3
1660243923.36138,77.2
1660243923.38144,91.9
1660243923.401369,89.7
1660243923.42139,87.0
1660243923.441412,92.0
1660243923.461379,80.2
1660243923.48141,55.8
1660243923.501372,60.3
1660243923.52136,69.0
1660243923.541366,67.8
1660243923.561293,64.3
1660243923.581353,65.1
1660243923.601315,84.4
1660243923.621338,98.9
1660243923.641364,94.3
1660243923.661403,90.5
1660243923.681228,97.7
1660243923.701214,95.7
1660243923.721197,96.0
1660243923.741303,96.5
1660243923.761206,81.9
1660243923.781192,54.2
1660243923.801258,61.4
1660243923.82118,68.6
1660243923.841121,66.9
1660243923.861128,68.2
1660243923.881078,65.3
1660243923.902058,94.2
1660243923.921078,100.3
1660243923.941175,59.0
1660243923.961166,54.2
1660243923.981154,68.6
1660243924.002105,68.1
1660243924.021111,62.2
1660243924.041174,67.2
1660243924.061087,81.3
1660243924.080985,105.5
1660243924.102118,99.4
1660243924.122023,95.4
1660243924.141974,94.8
1660243924.161069,96.7
1660243924.181045,95.9
1660243924.202018,96.5
1660243924.221966,96.2
1660243924.242067,97.6
1660243924.261987,95.3
1660243924.281966,96.1
1660243924.300987,96.2
1660243924.321924,95.7
1660243924.341946,97.9
1660243924.361962,95.3
1660243924.381927,99.8
1660243924.401919,101.5
1660243924.421919,73.8
1660243924.441965,56.0
1660243924.461885,69.3
1660243924.481896,68.6
1660243924.5019,62.9
1660243924.561791,77.1
1660243924.581722,67.7
1660243924.601715,64.6
1660243924.621758,65.6
1660243924.641706,63.8
1660243924.661705,65.9
1660243924.681689,65.4
1660243924.701732,67.1
1660243924.721688,67.4
1660243924.741681,66.1
1660243924.761588,66.0
1660243924.781583,67.9
1660243924.801607,62.9
1660243924.821697,66.2
1660243924.841634,64.1
1660243924.861633,80.0
1660243924.881724,84.9
1660243924.901653,60.3
1660243924.921583,60.2
1660243924.941616,65.2
1660243924.96155,65.9
1660243924.981555,65.5
1660243925.001495,63.4
1660243925.021504,73.4
1660243925.041517,68.8
1660243925.061568,66.0
1660243925.081592,67.3
1660243925.101517,64.5
1660243925.121612,63.2
1660243925.141555,63.6
1660243925.16144,63.8
1660243925.181414,65.6
1660243925.201531,63.2
1660243925.22143,63.2
1660243925.241446,65.0
1660243925.261475,65.6
1660243925.28157,63.6
1660243925.301422,65.6
1660243925.321316,62.8
1660243925.341366,64.0
1660243925.361378,64.2
1660243925.381355,65.9
1660243925.401334,62.6
1660243925.421415,63.2
1660243925.441253,63.1
1660243925.461215,63.7
1660243925.48125,63.9
1660243925.501251,63.3
1660243925.521377,64.9
1660243925.541287,62.6
1660243925.561141,63.4
1660243925.581179,63.1
1660243925.601204,63.8
1660243925.621194,63.2
1660243925.641169,63.2
1660243925.661135,63.5
1660243925.681198,63.8
1660243925.701195,63.9
1660243925.721206,63.0
1660243925.741189,63.0
1660243925.761195,63.0
1660243925.781168,64.1
1660243925.801131,64.4
1660243925.82212,62.9
1660243925.840977,63.0
1660243925.861053,66.0
1660243925.881005,63.3
1660243925.900959,63.7
1660243925.921939,66.8
1660243925.941942,63.1
1660243925.961965,63.2
1660243925.981956,64.5
1660243926.000959,87.2
1660243926.020986,83.7
1660243926.04186,53.9
1660243926.061842,59.2
1660243926.082041,67.4
1660243926.101882,65.0
1660243926.121822,63.1
1660243926.141823,64.2
1660243926.161828,63.3
1660243926.181835,62.9
1660243926.201828,63.1
1660243926.221806,63.1
1660243926.241758,63.5
1660243926.261748,64.6
1660243926.281658,64.6
1660243926.301628,62.6
1660243926.321643,63.0
1660243926.341655,63.1
1660243926.361622,63.7
1660243926.381661,63.7
1660243926.401663,64.6
1660243926.421682,63.2
1660243926.441678,63.6
1660243926.461682,63.4
1660243926.481534,63.6
1660243926.501494,64.0
1660243926.521494,63.2
1660243926.541576,70.5
1660243926.561419,66.4
1660243926.581574,60.7
1660243926.601467,62.5
1660243926.621512,64.5
1660243926.641419,64.7
1660243926.661393,63.3
1660243926.681396,63.7
1660243926.701436,64.0
1660243926.721415,63.2
1660243926.741308,63.2
1660243926.761312,64.4
1660243926.781376,63.0
1660243926.801337,63.7
1660243926.821467,65.3
1660243926.841302,64.6
1660243926.861427,66.9
1660243926.881306,80.2
1660243926.901358,73.0
1660243926.921431,56.9
1660243926.941254,61.0
1660243926.961301,64.8
1660243926.98126,65.6
1660243927.001256,62.6
1660243927.021311,63.8
1660243927.041296,63.3
1660243927.061316,64.3
1660243927.081258,64.3
1660243927.101315,63.9
1660243927.121212,64.5
1660243927.141256,65.2
1660243927.161235,64.8
1660243927.181135,62.7
1660243927.20112,62.9
1660243927.221162,63.4
1660243927.241113,64.9
1660243927.26105,65.4
1660243927.280995,63.5
1660243927.301021,65.3
1660243927.32105,63.2
1660243927.341042,65.4
1660243927.360995,64.6
1660243927.381047,65.3
1660243927.401024,63.4
1660243927.422005,63.6
1660243927.440998,63.6
1660243927.460908,63.0
1660243927.480935,62.7
1660243927.500911,63.0
1660243927.52091,62.4
1660243927.541887,63.6
1660243927.561888,63.0
1660243927.581912,63.3
1660243927.601898,63.5
1660243927.621928,63.5
1660243927.641888,63.2
1660243927.661914,63.4
1660243927.681813,63.1
1660243927.701815,63.1
1660243927.721786,63.3
1660243927.741788,62.1
1660243927.761801,63.9
1660243927.781791,63.7
1660243927.801858,64.7
1660243927.821876,64.7
1660243927.841861,63.4
1660243927.861697,73.6
1660243927.881714,84.8
1660243927.901732,64.6
1660243927.921695,57.8
1660243927.941737,63.5
1660243927.961688,65.0
1660243927.981707,63.4
1660243928.001714,64.3
1660243928.021732,63.4
1660243928.04171,63.2
1660243928.06177,65.0
1660243928.081724,65.9
1660243928.101715,63.0
1660243928.121565,63.7
1660243928.141585,63.4
1660243928.161677,62.6
1660243928.181619,63.3
1660243928.201589,63.3
1660243928.22152,65.8
1660243928.241514,63.9
1660243928.26156,62.7
1660243928.281489,63.1
1660243928.301537,62.6
1660243928.321512,63.1
1660243928.341469,62.9
1660243928.361452,63.7
1660243928.381454,64.1
1660243928.401366,63.3
1660243928.421375,64.0
1660243928.441365,68.2
1660243928.461375,62.2
1660243928.481364,62.4
1660243928.50136,63.2
1660243928.521352,62.4
1660243928.541261,63.8
1660243928.561258,62.9
1660243928.581255,63.4
1660243928.601308,63.8
1660243928.621256,64.5
1660243928.641252,63.9
1660243928.661258,62.9
1660243928.681269,63.1
1660243928.701254,65.9
1660243928.721161,62.3
1660243928.74127,63.3
1660243928.761204,63.0
1660243928.781229,63.0
1660243928.801165,63.1
1660243928.821162,63.8
1660243928.841159,65.4
1660243928.861081,66.2
1660243928.8811,62.6
1660243928.901092,62.8
1660243928.921046,63.3
1660243928.941092,63.6
1660243928.961054,63.1
1660243928.981058,63.7
1660243929.000956,63.5
1660243929.021983,63.6
1660243929.04193,63.5
1660243929.060955,63.3
1660243929.081004,63.8
1660243929.101025,64.2
1660243929.120937,62.9
1660243929.141846,63.8
1660243929.161828,63.5
1660243929.181873,63.4
1660243929.201906,63.7
1660243929.220925,63.8
1660243929.2419,63.5
1660243929.261779,63.3
1660243929.281784,63.4
1660243929.30176,63.3
1660243929.321762,63.1
1660243929.341802,63.5
1660243929.361764,63.2
1660243929.381743,63.4
1660243929.401737,62.8
1660243929.421808,62.9
1660243929.441765,63.7
1660243929.461806,63.5
1660243929.48188,63.1
1660243929.501587,63.0
1660243929.521593,63.2
1660243929.54159,63.4
1660243929.561623,63.3
1660243929.581626,61.7
1660243929.601732,63.6
1660243929.621544,63.5
1660243929.641492,63.7
1660243929.66155,63.5
1660243929.681543,62.9
1660243929.701539,64.3
1660243929.721505,63.7
1660243929.741464,63.4
1660243929.761384,63.1
1660243929.781433,62.7
1660243929.801402,63.4
1660243929.82146,63.3
1660243929.841412,63.0
1660243929.86147,63.5
1660243929.88141,63.6
1660243929.901408,62.9
1660243929.921544,62.9
1660243929.941419,63.4
1660243929.961365,63.3
1660243929.981435,63.4
1660243930.001384,63.2
1660243930.021327,63.0
1660243930.041216,63.9
1660243930.061282,63.3
1660243930.081218,63.5
1660243930.101206,64.6
1660243930.121204,64.6
1660243930.141198,62.6
1660243930.161212,63.0
1660243930.181196,63.4
1660243930.201093,63.2
1660243930.22115,63.7
1660243930.241116,63.1
1660243930.261164,62.9
1660243930.281203,63.0
1660243930.301218,63.3
1660243930.321115,62.8
1660243930.341104,63.0
1660243930.361046,63.7
1660243930.381009,63.7
1660243930.401059,63.1
1660243930.421007,63.4
1660243930.44105,63.6
1660243930.461058,64.6
1660243930.481012,62.6
1660243930.501005,63.6
1660243930.521017,63.6
1660243930.541003,63.4
1660243930.561005,63.6
1660243930.580988,63.8
1660243930.600962,63.1
1660243930.621915,63.4
1660243930.640913,63.5
1660243930.660999,63.2
1660243930.680913,63.4
1660243930.700967,64.2
1660243930.720911,63.0
1660243930.741792,63.5
1660243930.761792,63.4
1660243930.781811,63.8
1660243930.8018,63.2
1660243930.821812,63.4
1660243930.841798,65.2
1660243930.861848,70.3
1660243930.881814,73.9
1660243930.901807,60.6
1660243930.92166,62.8
1660243930.941655,66.9
1660243930.961717,61.4
1660243930.981654,64.0
1660243931.001668,63.4
1660243931.02177,63.0
1660243931.041778,64.0
1660243931.061714,62.5
1660243931.081655,63.7
1660243931.101663,63.5
1660243931.121571,64.0
1660243931.141555,78.7
1660243931.161618,74.4
1660243931.181562,58.2
1660243931.201622,59.8
1660243931.221556,64.7
1660243931.241568,64.7
1660243931.261549,64.1
1660243931.281511,65.3
1660243931.301497,64.2
1660243931.321511,65.2
1660243931.341453,69.5
1660243931.361559,62.7
1660243931.381353,68.1
1660243931.40136,61.6
1660243931.421462,62.2
1660243931.441428,63.6
1660243931.461361,63.3
1660243931.481377,63.2
1660243931.501407,63.2
1660243931.521368,63.2
1660243931.541356,63.7
1660243931.561357,63.0
1660243931.58126,62.8
1660243931.601306,64.1
1660243931.621261,63.3
1660243931.641335,63.1
1660243931.661376,63.2
1660243931.681314,63.1
1660243931.701362,64.4
1660243931.721274,64.9
1660243931.741358,63.0
1660243931.761324,63.3
1660243931.781241,63.3
1660243931.801213,64.4
1660243931.821209,66.4
1660243931.841278,62.6
1660243931.861283,63.6
1660243931.881211,64.5
1660243931.901178,63.2
1660243931.921162,64.2
1660243931.941212,63.3
1660243931.961066,63.2
1660243931.98106,63.1
1660243932.001059,63.4
1660243932.021059,63.3
1660243932.041066,62.8
1660243932.061169,63.1
1660243932.081073,63.4
1660243932.101064,64.3
1660243932.121078,63.1
1660243932.140965,62.8
1660243932.160961,63.2
1660243932.181018,63.5
1660243932.201012,63.6
1660243932.220984,63.2
1660243932.240926,62.8
1660243932.260973,63.5
1660243932.280865,63.6
1660243932.301844,63.5
1660243932.321871,62.4
1660243932.341858,63.1
1660243932.361846,63.0
1660243932.381876,63.0
1660243932.401914,63.1
1660243932.421903,63.1
1660243932.441861,62.7
1660243932.461701,62.8
1660243932.48181,63.1
1660243932.501752,63.1
1660243932.52162,63.2
1660243932.541725,63.4
1660243932.561602,63.4
1660243932.581612,62.7
1660243932.601625,63.0
1660243932.621659,63.9
1660243932.641601,63.1
1660243932.661605,63.0
1660243932.681599,63.2
1660243932.701598,63.1
1660243932.721497,62.9
1660243932.741605,63.2
1660243932.761533,64.2
1660243932.781578,63.5
1660243932.801563,64.5
1660243932.82155,64.6
1660243932.841518,62.3
1660243932.861525,63.4
1660243932.881551,63.9
1660243932.901608,63.4
1660243932.921428,63.5
1660243932.941439,63.2
1660243932.961413,63.8
1660243932.981415,64.0
1660243933.001443,62.8
1660243933.021452,66.7
1660243933.041361,64.8
1660243933.061328,64.3
1660243933.081308,64.7
1660243933.101336,66.6
1660243933.121361,62.9
1660243933.141354,63.2
1660243933.161315,63.6
1660243933.18133,63.4
1660243933.201358,63.3
1660243933.221193,64.7
1660243933.241203,62.6
1660243933.26126,63.0
1660243933.32125,63.0
1660243933.341254,62.6
1660243933.361153,63.7
1660243933.381121,63.4
1660243933.401148,62.9
1660243933.421177,62.9
1660243933.441116,64.0
1660243933.461006,63.6
1660243933.481128,62.5
1660243933.501096,63.2
1660243933.521021,63.0
1660243933.541055,63.7
1660243933.561004,63.8
1660243933.581051,63.2
1660243933.601003,62.9
1660243933.621016,63.2
1660243933.640902,62.9
1660243933.660908,63.0
1660243933.680892,62.6
1660243933.700914,63.4
1660243933.721945,62.8
1660243933.741893,63.2
1660243933.761901,63.3
1660243933.780809,63.4
1660243933.800863,62.4
1660243933.821801,62.4
1660243933.841788,63.9
1660243933.861733,66.9
1660243933.881667,82.7
1660243933.901695,70.9
1660243933.921631,56.2
1660243933.941638,61.6
1660243933.96166,64.6
1660243933.981701,64.1
1660243934.001668,63.0
1660243934.021701,62.6
1660243934.04166,64.8
1660243934.061687,62.5
1660243934.08154,62.9
1660243934.101566,63.8
1660243934.121565,65.4
1660243934.141606,62.5
1660243934.161604,63.0
1660243934.181549,63.0
1660243934.201548,62.6
1660243934.221469,62.8
1660243934.241569,63.3
1660243934.261484,63.4
1660243934.281474,63.1
1660243934.301467,63.7
1660243934.321573,64.6
1660243934.341364,64.3
1660243934.361438,62.9
1660243934.38146,64.0
1660243934.401357,63.6
1660243934.421363,63.2
1660243934.441366,63.0
1660243934.461409,63.6
1660243934.481376,63.1
1660243934.50126,62.7
1660243934.521266,62.7
1660243934.541347,63.2
1660243934.561302,68.7
1660243934.581147,63.6
1660243934.601146,62.4
1660243934.621188,63.0
1660243934.641161,63.3
1660243934.661194,63.0
1660243934.68105,62.8
1660243934.701071,64.0
1660243934.721052,65.9
1660243934.741136,61.8
1660243934.761111,63.2
1660243934.780976,62.5
1660243934.80112,63.1
1660243934.82099,64.4
1660243934.840962,64.0
1660243934.861024,65.2
1660243934.880952,62.8
1660243934.900964,63.4
1660243934.920947,63.8
1660243934.941016,63.6
1660243934.96096,63.0
1660243934.980936,63.5
1660243935.001006,63.1
1660243935.020979,63.4
1660243935.041006,63.1
1660243935.06085,64.0
1660243935.080937,63.5
1660243935.100917,63.5
1660243935.12092,65.0
1660243935.140918,63.0
1660243935.160847,63.0
1660243935.180921,63.2
1660243935.201948,63.1
1660243935.220848,63.1
1660243935.241848,64.6
1660243935.260905,68.0
1660243935.280914,62.6
1660243935.300903,66.5
1660243935.320848,62.8
1660243935.340899,80.7
1660243935.360859,84.0
1660243935.381016,59.7
1660243935.400981,58.3
1660243935.420886,64.6
1660243935.440874,63.9
1660243935.460768,66.3
1660243935.480798,63.7
1660243935.500759,62.3
1660243935.520759,63.1
1660243935.541699,63.8
1660243935.561696,63.6
1660243935.581691,63.7
1660243935.600789,63.6
1660243935.620725,66.2
1660243935.64169,62.0
1660243935.661586,62.9
1660243935.6816,63.6
1660243935.701593,63.4
1660243935.721584,66.1
1660243935.74159,62.8
1660243935.761538,64.0
1660243935.781527,66.1
1660243935.801539,62.6
1660243935.82153,63.5
1660243935.841573,67.1
1660243935.861533,62.3
1660243935.88163,65.9
1660243935.901536,61.9
1660243935.921636,63.3
1660243935.941474,64.6
1660243935.961489,63.7
1660243935.981399,62.9
1660243936.001423,62.8
1660243936.021526,63.0
1660243936.041404,63.4
1660243936.061407,63.0
1660243936.081421,64.5
1660243936.101388,64.8
1660243936.121394,63.1
1660243936.141437,63.8
1660243936.161359,62.7
1660243936.181295,63.2
1660243936.201334,63.1
1660243936.221339,63.3
1660243936.241303,62.8
1660243936.261345,61.4
1660243936.281326,63.9
1660243936.301392,62.9
1660243936.321386,62.0
1660243936.341394,63.4
1660243936.361349,63.1
1660243936.381316,62.8
1660243936.401259,63.3
1660243936.421241,62.8
1660243936.441272,63.0
1660243936.461264,62.5
1660243936.481213,63.2
1660243936.50121,62.8
1660243936.521266,62.8
1660243936.541115,62.8
1660243936.561198,63.6
1660243936.58111,63.0
1660243936.601118,63.3
1660243936.621158,63.0
1660243936.64104,63.5
1660243936.661023,63.1
1660243936.681076,63.3
1660243936.701025,62.9
1660243936.721017,63.2
1660243936.741003,62.8
1660243936.761021,65.0
1660243936.781071,62.6
1660243936.801104,63.0
1660243936.82101,63.2
1660243936.841132,63.1
1660243936.86102,67.3
1660243936.88093,82.7
1660243936.901015,74.6
1660243936.920971,57.6
1660243936.940908,60.6
1660243936.960919,64.9
1660243936.980976,64.6
1660243937.00083,62.8
1660243937.020986,63.4
1660243937.040817,64.5
1660243937.06081,63.4
1660243937.080836,63.5
1660243937.100825,64.8
1660243937.120787,64.0
1660243937.140786,62.5
1660243937.160817,62.9
1660243937.180716,62.3
1660243937.200714,63.1
1660243937.22071,63.2
1660243937.241664,63.6
1660243937.261644,63.1
1660243937.28165,63.2
1660243937.30166,63.5
1660243937.320709,63.1
1660243937.341682,62.8
1660243937.361718,62.7
1660243937.38165,62.3
1660243937.40167,63.3
1660243937.42167,62.9
1660243937.440582,63.0
1660243937.461638,62.9
1660243937.481609,63.3
1660243937.501575,63.0
1660243937.521567,62.8
1660243937.541601,63.0
1660243937.561594,63.6
1660243937.581597,62.7
1660243937.601536,62.9
1660243937.621491,63.6
1660243937.64144,64.6
1660243937.661439,67.9
1660243937.681436,61.4
1660243937.701436,62.9
1660243937.721491,63.9
1660243937.741499,63.5
1660243937.76154,62.6
1660243937.781501,62.4
1660243937.801574,63.2
1660243937.82155,62.9
1660243937.841467,63.4
1660243937.861527,63.1
1660243937.881476,64.0
1660243937.901651,63.0
1660243937.921486,63.4
1660243937.941581,61.8
1660243937.96145,63.3
1660243937.981492,63.0
1660243938.001496,63.0
1660243938.021432,63.1
1660243938.04135,63.3
1660243938.061356,63.7
1660243938.081537,67.1
1660243938.10142,65.2
1660243938.121288,62.4
1660243938.141327,63.0
1660243938.161336,63.3
1660243938.18134,63.0
1660243938.20125,63.6
1660243938.221359,64.1
1660243938.241178,63.4
1660243938.26123,63.4
1660243938.28122,62.9
1660243938.301295,63.1
1660243938.321173,63.2
1660243938.34116,63.0
1660243938.361239,63.6
1660243938.381226,65.8
1660243938.401233,62.0
1660243938.421163,62.9
1660243938.441081,63.0
1660243938.461058,63.3
1660243938.481144,62.8
1660243938.501145,63.4
1660243938.5211,63.2
1660243938.541035,63.0
1660243938.560995,62.9
1660243938.581021,63.3
1660243938.600984,63.2
1660243938.621073,63.1
1660243938.641062,63.5
1660243938.661032,63.1
1660243938.680963,63.2
1660243938.700954,62.9
1660243938.721014,63.2
1660243938.741064,63.5
1660243938.761014,62.6
1660243938.780901,62.8
1660243938.800953,63.2
1660243938.820903,63.0
1660243938.840877,63.3
1660243938.860944,63.4
1660243938.880784,64.4
1660243938.900807,66.9
1660243938.920816,61.7
1660243938.94076,63.2
1660243938.960816,63.4
1660243938.980817,63.7
1660243939.000813,63.1
1660243939.020779,62.8
1660243939.040754,63.6
1660243939.061738,63.9
1660243939.080689,62.4
1660243939.100693,63.6
1660243939.120688,63.6
1660243939.140629,62.9
1660243939.161636,63.0
1660243939.181626,63.4
1660243939.201596,62.5
1660243939.221629,63.3
1660243939.241687,66.0
1660243939.261604,62.9
1660243939.281597,63.8
1660243939.301534,64.8
1660243939.321533,63.8
1660243939.341644,66.7
1660243939.361552,64.3
1660243939.381519,64.8
1660243939.401617,62.7
1660243939.421592,63.3
1660243939.441646,62.6
1660243939.46148,63.0
1660243939.481436,63.0
1660243939.501407,63.4
1660243939.521487,63.2
1660243939.541416,64.0
1660243939.561419,64.6
1660243939.581424,62.2
1660243939.601417,63.0
1660243939.621437,63.2
1660243939.64147,63.7
1660243939.661358,63.4
1660243939.681402,65.3
1660243939.701422,61.9
1660243939.721413,63.5
1660243939.741414,63.5
1660243939.761319,63.7
1660243939.781431,63.0
1660243939.801391,62.8
1660243939.821325,63.0
1660243939.841255,63.0
1660243939.861218,64.5
1660243939.88121,81.5
1660243939.901224,71.6
1660243939.921232,56.2
1660243939.941224,62.8
1660243939.961225,65.9
1660243939.981112,64.3
1660243940.00111,62.3
1660243940.02111,63.0
1660243940.041112,63.1
1660243940.061114,63.3
1660243940.081116,63.3
1660243940.101113,63.1
1660243940.121112,64.0
1660243940.141119,63.7
1660243940.161118,63.2
1660243940.18097,63.3
1660243940.200971,63.2
1660243940.22099,63.1
1660243940.240967,63.0
1660243940.260989,62.9
1660243940.280866,62.7
1660243940.300854,62.9
1660243940.320859,62.2
1660243940.340865,63.4
1660243940.360862,63.8
1660243940.380877,63.9
1660243940.400869,63.2
1660243940.420892,63.2
1660243940.440866,63.7
1660243940.460855,63.8
1660243940.480877,63.1
1660243940.500774,63.0
1660243940.520775,62.9
1660243940.540822,62.7
1660243940.560782,63.0
1660243940.580838,63.2
1660243940.600713,62.8
1660243940.620655,62.6
1660243940.64066,63.1
1660243940.660666,62.8
1660243940.680733,63.1
1660243940.700722,64.1
1660243940.720681,64.5
1660243940.740672,62.3
1660243940.761688,62.8
1660243940.781713,63.7
1660243940.800724,63.4
1660243940.820655,62.9
1660243940.8407,63.5
1660243940.861695,63.9
1660243940.881626,64.8
1660243940.901663,62.9
1660243940.921658,66.4
1660243940.941608,64.0
1660243940.960626,63.0
1660243940.981572,64.2
1660243941.00156,63.1
1660243941.02156,62.9
1660243941.04146,63.8
1660243941.061464,64.0
1660243941.081494,63.1
1660243941.101468,63.7
1660243941.121471,63.9
1660243941.141469,63.7
1660243941.161463,62.5
1660243941.181451,63.0
1660243941.201445,62.7
1660243941.221372,63.0
1660243941.241382,63.1
1660243941.261401,62.9
1660243941.281422,62.1
1660243941.301375,62.9
1660243941.32137,63.5
1660243941.341264,63.1
1660243941.361281,62.8
1660243941.381335,63.7
1660243941.401393,63.2
1660243941.42132,62.9
1660243941.441286,62.7
1660243941.461165,62.7
1660243941.481175,63.4
1660243941.501175,63.0
1660243941.521266,62.9
1660243941.541228,62.9
1660243941.561226,63.0
1660243941.581176,62.9
1660243941.601183,63.0
1660243941.621169,63.0
1660243941.641181,63.4
1660243941.661187,62.8
1660243941.681184,62.7
1660243941.701171,63.6
1660243941.721033,66.7
1660243941.741031,61.3
1660243941.761037,62.9
1660243941.781047,62.8
1660243941.801034,63.2
1660243941.82108,63.0
1660243941.841086,62.5
1660243941.861036,63.5
1660243941.881033,63.6
1660243941.901091,63.4
1660243941.921025,63.5
1660243941.940983,62.8
1660243941.960978,62.8
1660243941.980824,63.0
1660243942.000876,63.4
1660243942.020873,62.8
1660243942.040823,62.6
1660243942.060927,63.2
1660243942.08084,64.3
1660243942.100829,65.2
1660243942.120881,62.9
1660243942.140744,64.4
1660243942.160726,62.6
1660243942.18077,63.7
1660243942.200734,64.7
1660243942.220776,62.3
1660243942.240731,63.3
1660243942.260627,62.9
1660243942.280746,63.4
1660243942.300637,63.1
1660243942.320628,63.6
1660243942.341666,63.6
1660243942.361662,63.0
1660243942.381628,63.4
1660243942.400634,64.2
1660243942.420637,61.9
1660243942.440575,62.9
1660243942.461517,62.7
1660243942.48157,62.6
1660243942.501533,63.1
1660243942.521577,62.4
1660243942.540637,62.9
1660243942.56161,64.0
1660243942.581518,66.3
1660243942.601418,62.2
1660243942.621406,62.9
1660243942.64142,62.8
1660243942.661468,62.6
1660243942.681472,63.0
1660243942.701392,63.3
1660243942.721334,63.2
1660243942.741445,64.6
1660243942.761314,64.0
1660243942.781333,63.0
1660243942.801316,63.4
1660243942.82122,62.8
1660243942.841278,62.5
1660243942.861209,63.4
1660243942.881267,78.1
1660243942.901212,78.9
1660243942.921213,59.5
1660243942.941219,58.7
1660243942.961269,64.4
1660243942.981272,63.5
1660243943.001238,63.1
1660243943.02123,63.7
1660243943.041067,62.8
1660243943.061058,62.6
1660243943.081077,63.0
1660243943.101079,63.3
1660243943.120973,63.5
1660243943.14098,63.8
1660243943.160964,63.0
1660243943.180992,62.8
1660243943.200968,63.1
1660243943.22097,63.1
1660243943.240979,63.5
1660243943.260967,66.0
1660243943.281034,63.4
1660243943.300972,64.5
1660243943.320986,64.3
1660243943.340864,64.4
1660243943.36096,65.0
1660243943.380872,65.5
1660243943.400892,62.1
1660243943.420868,64.0
1660243943.44086,63.0
1660243943.460931,63.0
1660243943.480887,62.8
1660243943.500953,63.1
1660243943.52086,63.9
1660243943.540866,64.2
1660243943.560904,63.7
1660243943.580764,63.7
1660243943.600778,62.9
1660243943.62088,62.9
1660243943.640817,64.1
1660243943.660822,63.8
1660243943.680895,66.2
1660243943.700738,62.1
1660243943.720784,62.7
1660243943.74069,62.4
1660243943.760682,63.1
1660243943.780684,63.7
1660243943.800678,63.4
1660243943.820729,63.1
1660243943.840631,63.5
1660243943.861574,62.4
1660243943.880633,63.8
1660243943.900594,63.6
1660243943.920586,63.2
1660243943.940591,62.9
1660243943.961693,62.8
1660243943.981569,63.8
1660243944.001577,63.1
1660243944.020544,62.4
1660243944.040483,63.4
1660243944.061613,62.8
1660243944.081469,62.7
1660243944.10146,63.3
1660243944.121526,63.8
1660243944.141461,63.3
1660243944.161403,63.0
1660243944.181367,62.9
1660243944.201376,64.7
1660243944.22138,63.7
1660243944.241424,62.6
1660243944.261432,62.6
1660243944.281506,62.9
1660243944.301341,64.3
1660243944.321263,63.0
1660243944.341365,62.8
1660243944.361327,62.6
1660243944.381278,62.8
1660243944.401265,62.9
1660243944.421324,63.0
1660243944.441317,63.1
1660243944.461282,62.6
1660243944.481282,62.6
1660243944.501272,62.6
1660243944.521355,63.2
1660243944.541133,62.7
1660243944.561122,62.4
1660243944.581119,63.7
1660243944.601122,62.9
1660243944.621118,62.8
1660243944.641123,62.8
1660243944.661076,63.1
1660243944.68102,63.0
1660243944.701028,62.9
1660243944.721015,63.0
1660243944.740923,62.8
1660243944.760973,63.4
1660243944.780971,63.3
1660243944.800966,63.7
1660243944.821024,63.3
1660243944.840937,64.4
1660243944.86092,63.7
1660243944.88089,63.6
1660243944.900825,63.1
1660243944.920818,63.3
1660243944.940892,63.5
1660243944.960934,63.0
1660243944.980765,65.6
1660243945.000745,61.9
1660243945.020744,62.4
1660243945.040743,62.3
1660243945.06079,63.5
1660243945.080727,62.7
1660243945.100725,63.0
1660243945.120631,63.5
1660243945.140681,65.9
1660243945.160628,62.4
1660243945.180623,62.8
1660243945.200672,63.1
1660243945.220638,63.0
1660243945.240693,63.1
1660243945.260681,63.2
1660243945.280628,62.9
1660243945.300674,63.0
1660243945.32062,62.8
1660243945.341734,62.6
1660243945.360616,62.6
1660243945.380574,63.4
1660243945.400565,62.7
1660243945.421616,63.0
1660243945.441527,62.8
1660243945.461608,62.7
1660243945.481524,62.9
1660243945.501554,62.9
1660243945.520447,63.3
1660243945.540514,64.1
1660243945.56142,64.0
1660243945.581404,63.2
1660243945.601416,62.7
1660243945.621419,63.4
1660243945.641429,62.8
1660243945.661426,63.1
1660243945.681431,63.4
1660243945.701366,62.6
1660243945.72141,62.6
1660243945.741334,62.7
1660243945.761329,63.2
1660243945.781393,62.8
1660243945.80134,63.1
1660243945.821401,63.7
1660243945.841414,63.4
1660243945.861337,62.9
1660243945.881336,76.1
1660243945.901335,82.9
1660243945.921431,62.0
1660243945.941337,59.9
1660243945.961417,64.6
1660243945.981229,64.5
1660243946.00124,63.5
1660243946.021244,63.1
1660243946.041242,63.6
1660243946.061227,63.1
1660243946.081159,64.8
1660243946.101314,62.4
1660243946.121213,63.5
1660243946.141268,65.3
1660243946.161224,62.4
1660243946.181197,63.3
1660243946.201163,63.0
1660243946.221118,63.2
1660243946.241078,63.3
1660243946.261138,63.1
1660243946.28115,65.0
1660243946.301129,62.3
1660243946.320986,63.1
1660243946.341133,63.4
1660243946.361029,63.0
1660243946.381047,63.3
1660243946.401041,63.7
1660243946.421007,62.7
1660243946.440978,63.5
1660243946.460982,63.4
1660243946.480995,63.6
1660243946.500898,64.2
1660243946.520882,62.1
1660243946.540885,63.0
1660243946.560934,63.2
1660243946.580885,63.4
1660243946.600897,63.6
1660243946.620885,64.7
1660243946.640889,62.7
1660243946.660897,63.8
1660243946.680839,64.6
1660243946.700787,65.0
1660243946.72079,63.5
1660243946.740844,62.6
1660243946.760793,62.9
1660243946.780837,63.0
1660243946.800881,63.5
1660243946.820764,63.6
1660243946.84074,64.1
1660243946.86076,63.2
1660243946.880774,73.4
1660243946.900848,81.3
1660243946.92068,63.1
1660243946.94068,56.6
1660243946.960787,70.1
1660243946.980722,88.0
1660243947.000628,66.2
1660243947.020734,55.8
1660243947.040587,63.8
1660243947.060577,64.4
1660243947.080631,64.3
1660243947.100703,65.2
1660243947.12058,62.0
1660243947.141566,64.2
1660243947.160644,63.4
1660243947.180542,62.7
1660243947.200487,63.6
1660243947.220474,63.2
1660243947.240489,64.8
1660243947.26148,63.7
1660243947.28147,64.2
1660243947.301519,66.0
1660243947.321518,64.5
1660243947.340553,64.6
1660243947.361462,66.7
1660243947.381446,65.2
1660243947.401404,62.0
1660243947.421502,62.6
1660243947.441383,63.2
1660243947.461385,63.7
1660243947.481384,62.6
1660243947.501371,62.6
1660243947.521384,63.2
1660243947.541409,62.5
1660243947.561443,65.4
1660243947.581384,64.0
1660243947.601226,62.5
1660243947.621222,63.0
1660243947.641264,62.9
1660243947.661284,62.9
1660243947.681236,62.7
1660243947.701235,63.3
1660243947.721334,66.7
1660243947.741241,63.0
1660243947.761229,62.4
1660243947.781122,63.0
1660243947.801127,62.9
1660243947.82112,63.3
1660243947.881054,65.8
1660243947.901046,63.0
1660243947.92101,64.0
1660243947.941026,62.6
1660243947.960929,63.6
1660243947.980924,63.0
1660243948.000944,63.4
1660243948.02091,62.9
1660243948.040931,62.8
1660243948.060928,63.7
1660243948.080953,67.2
1660243948.100942,63.3
1660243948.120836,63.3
1660243948.140843,68.5
1660243948.16084,68.2
1660243948.180792,64.7
1660243948.200738,66.4
1660243948.220734,65.3
1660243948.240733,62.6
1660243948.260732,63.8
1660243948.280734,66.1
1660243948.300638,76.2
1660243948.32071,64.8
1660243948.340608,61.1
1660243948.360641,62.8
1660243948.380646,66.1
1660243948.40065,64.1
1660243948.420706,63.7
1660243948.440646,75.9
1660243948.460691,71.6
1660243948.480537,62.7
1660243948.500627,67.4
1660243948.520637,66.8
1660243948.540532,61.9
1660243948.560533,63.6
1660243948.580534,63.9
1660243948.600574,65.2
1660243948.62057,63.8
1660243948.64055,66.9
1660243948.660438,66.1
1660243948.681433,65.4
1660243948.701432,62.4
1660243948.721414,64.3
1660243948.741446,64.2
1660243948.761355,63.2
1660243948.781432,64.5
1660243948.801363,64.9
1660243948.821444,67.1
1660243948.841449,65.3
1660243948.861358,67.9
1660243948.881357,74.3
1660243948.901356,85.4
1660243948.921359,88.8
1660243948.941256,86.1
1660243948.961251,84.4
1660243948.981257,89.8
1660243949.001253,77.1
1660243949.021257,56.8
1660243949.041253,63.2
1660243949.06126,67.5
1660243949.081292,63.5
1660243949.101186,64.6
1660243949.121146,65.5
1660243949.141166,88.9
1660243949.161256,99.2
1660243949.18121,93.9
1660243949.201178,78.9
1660243949.22124,55.5
1660243949.241123,61.2
1660243949.261116,66.8
1660243949.281064,67.6
1660243949.301114,62.8
1660243949.321113,75.0
1660243949.341113,102.3
1660243949.361129,100.4
1660243949.381199,91.6
1660243949.401111,89.5
1660243949.421169,93.5
1660243949.441009,60.0
1660243949.460985,56.9
1660243949.480989,66.7
1660243949.50099,66.6
1660243949.520979,63.0
1660243949.540981,66.8
1660243949.560981,84.0
1660243949.58098,103.2
1660243949.60098,74.1
1660243949.620963,52.0
1660243949.640901,64.0
1660243949.660895,68.9
1660243949.680896,64.7
1660243949.700888,66.3
1660243949.760841,99.9
1660243949.780861,94.9
1660243949.800785,95.8
1660243949.820777,96.4
1660243949.840786,96.3
1660243949.860774,96.5
1660243949.880669,97.6
1660243949.900716,92.0
1660243949.920669,59.1
1660243949.940671,57.1
1660243949.960663,69.9
1660243949.980699,72.5
1660243950.000669,61.4
1660243950.020664,65.7
1660243950.040577,95.3
1660243950.060584,102.6
1660243950.080587,95.8
1660243950.100582,76.8
1660243950.120593,54.1
1660243950.140506,63.7
1660243950.160606,68.0
1660243950.180594,66.2
1660243950.200572,62.7
1660243950.22047,68.3
1660243950.240473,93.1
1660243950.26151,100.9
1660243950.281511,94.6
1660243950.301512,95.6
1660243950.320471,99.3
1660243950.340488,100.7
1660243950.361471,77.6
1660243950.381496,60.4
1660243950.401492,63.6
1660243950.420477,73.6
1660243950.440407,92.2
1660243950.461348,68.8
1660243950.481426,55.7
1660243950.501336,63.7
1660243950.521329,74.6
1660243950.541345,88.1
1660243950.56142,70.0
1660243950.581429,56.9
1660243950.601284,64.3
1660243950.621313,66.7
1660243950.641259,63.3
1660243950.661223,63.7
1660243950.681238,65.9
1660243950.701248,68.7
1660243950.721144,68.8
1660243950.741266,66.7
1660243950.761135,63.4
1660243950.781136,68.8
1660243950.801106,62.1
1660243950.821135,65.5
1660243950.841139,63.1
1660243950.861137,66.4
1660243950.881105,68.9
1660243950.901143,66.8
1660243950.921142,67.5
1660243950.941136,63.9
1660243950.961178,63.7
1660243950.98114,67.4
